40 40 0 0
22 -1 22 -1 22 -1 22 -1 22 -1 22 -1 22 -1 22 -1 22 -1 22 -1 22 -1 22 -1 22 -1 22 -1 22 -1 22 -1 22 -1 22 -1 22 -1 22 -1 22 -1 22 -1 22 -1 22 -1 22 -1 22 -1 22 -1 22 -1 22 -1 22 -1 22 -1 22 -1 22 -1 22 -1 22 -1 22 -1 22 -1 22 -1 22 -1 22 -1 
22 -1 22 -1 22 -1 22 -1 22 -1 22 -1 22 -1 22 -1 22 -1 22 -1 22 -1 22 -1 22 -1 22 -1 22 -1 22 -1 22 -1 22 -1 22 -1 22 -1 22 -1 22 -1 22 -1 22 -1 22 -1 22 -1 22 -1 22 -1 22 -1 22 -1 22 -1 22 -1 22 -1 22 -1 22 -1 22 -1 22 -1 22 -1 22 -1 22 -1 
22 -1 22 -1 22 -1 22 -1 22 -1 22 -1 22 -1 22 -1 22 -1 22 -1 22 -1 22 -1 22 -1 22 -1 22 -1 22 -1 22 -1 22 -1 22 -1 22 -1 22 -1 22 -1 22 -1 22 -1 22 -1 22 -1 22 -1 22 -1 22 -1 22 -1 22 -1 22 -1 22 -1 22 -1 22 -1 22 -1 22 -1 22 -1 22 -1 22 -1 
22 -1 22 -1 22 -1 22 -1 22 -1 22 -1 22 -1 22 -1 22 -1 22 -1 22 -1 22 -1 22 -1 22 -1 22 -1 22 -1 22 -1 22 -1 22 -1 22 -1 22 -1 22 -1 22 -1 22 -1 22 -1 22 -1 22 -1 22 -1 22 -1 22 -1 22 -1 22 -1 22 -1 22 -1 22 -1 22 -1 22 -1 22 -1 22 -1 22 -1 
22 -1 22 -1 22 -1 22 -1 22 -1 22 -1 22 -1 22 -1 22 -1 22 -1 22 -1 22 -1 22 -1 22 -1 22 -1 22 -1 22 -1 22 -1 22 -1 22 -1 22 -1 22 -1 22 -1 22 -1 22 -1 22 -1 22 -1 22 -1 22 -1 22 -1 22 -1 22 -1 22 -1 22 -1 22 -1 22 -1 22 -1 22 -1 22 -1 22 -1 
22 -1 22 -1 22 -1 22 -1 22 -1 22 -1 22 -1 22 -1 22 -1 22 -1 22 -1 22 -1 22 -1 22 -1 22 -1 22 -1 22 -1 22 -1 22 -1 22 -1 22 -1 22 -1 22 -1 22 -1 22 -1 22 -1 22 -1 22 -1 22 -1 22 -1 22 -1 22 -1 22 -1 22 -1 22 -1 22 -1 22 -1 22 -1 22 -1 22 -1 
22 -1 22 -1 22 -1 22 -1 22 -1 22 -1 22 -1 22 -1 22 -1 22 -1 22 -1 22 -1 22 -1 22 -1 22 -1 22 -1 22 -1 22 -1 22 -1 22 -1 22 -1 22 -1 22 -1 22 -1 22 -1 22 -1 22 -1 22 -1 22 -1 22 -1 22 -1 22 -1 22 -1 22 -1 22 -1 22 -1 22 -1 22 -1 22 -1 22 -1 
22 -1 22 -1 22 -1 22 -1 22 -1 22 -1 22 -1 22 -1 22 -1 22 -1 22 -1 22 -1 22 -1 22 -1 22 -1 22 -1 22 -1 22 -1 22 -1 22 -1 22 -1 22 -1 22 -1 22 -1 22 -1 22 -1 22 -1 22 -1 22 -1 22 -1 22 -1 22 -1 22 -1 22 -1 22 -1 22 -1 22 -1 22 -1 22 -1 22 -1 
22 -1 22 -1 22 -1 22 -1 22 -1 22 -1 22 -1 22 -1 22 -1 22 -1 22 -1 22 -1 22 -1 22 -1 22 -1 22 -1 22 -1 22 -1 22 -1 22 -1 22 -1 22 -1 22 -1 22 -1 22 -1 22 -1 22 -1 22 -1 22 -1 22 -1 22 -1 22 -1 22 -1 22 -1 22 -1 22 -1 22 -1 22 -1 22 -1 22 -1 
22 -1 22 -1 22 -1 22 -1 22 -1 22 -1 22 -1 22 -1 22 -1 22 -1 22 -1 36 -1 36 -1 36 -1 22 -1 36 -1 36 -1 22 -1 22 -1 22 -1 22 -1 22 -1 22 -1 22 -1 22 -1 22 -1 22 -1 22 -1 22 -1 22 -1 22 -1 22 -1 22 -1 22 -1 22 -1 22 -1 22 -1 22 -1 22 -1 22 -1 
22 -1 22 -1 22 -1 22 -1 22 -1 22 -1 22 -1 22 -1 22 -1 36 -1 36 -1 22 -1 22 -1 22 -1 22 -1 22 -1 22 -1 22 -1 36 -1 36 -1 36 -1 22 -1 22 -1 22 -1 22 -1 22 -1 22 -1 22 -1 22 -1 22 -1 22 -1 22 -1 22 -1 22 -1 22 -1 22 -1 22 -1 22 -1 22 -1 22 -1 
22 -1 22 -1 22 -1 22 -1 22 -1 22 -1 22 -1 22 -1 36 -1 22 -1 22 -1 22 -1 22 -1 22 -1 22 -1 22 -1 22 -1 22 -1 22 -1 36 -1 36 -1 36 -1 36 -1 36 -1 22 -1 22 -1 22 -1 22 -1 22 -1 22 -1 22 -1 22 -1 22 -1 22 -1 22 -1 22 -1 22 -1 22 -1 22 -1 22 -1 
22 -1 22 -1 22 -1 22 -1 22 -1 22 -1 22 -1 36 -1 22 -1 22 -1 22 -1 22 -1 22 -1 22 -1 22 -1 22 -1 22 -1 22 -1 36 -1 36 -1 22 -1 22 -1 36 -1 22 -1 22 -1 22 -1 22 -1 22 -1 22 -1 22 -1 22 -1 22 -1 22 -1 22 -1 22 -1 22 -1 22 -1 22 -1 22 -1 22 -1 
22 -1 22 -1 22 -1 22 -1 22 -1 22 -1 22 -1 22 -1 22 -1 22 -1 22 -1 22 -1 22 -1 22 -1 22 -1 22 -1 22 -1 36 -1 22 -1 22 -1 22 -1 22 -1 22 -1 36 -1 22 -1 22 -1 22 -1 22 -1 22 -1 22 -1 22 -1 22 -1 22 -1 22 -1 22 -1 22 -1 22 -1 22 -1 22 -1 22 -1 
22 -1 22 -1 22 -1 22 -1 22 -1 22 -1 22 -1 22 -1 22 -1 22 -1 22 -1 22 -1 22 -1 22 -1 22 -1 22 -1 36 -1 36 -1 22 -1 22 -1 22 -1 22 -1 22 -1 22 -1 36 -1 22 -1 22 -1 22 -1 22 -1 22 -1 22 -1 22 -1 22 -1 22 -1 22 -1 22 -1 22 -1 22 -1 22 -1 22 -1 
22 -1 22 -1 22 -1 22 -1 22 -1 22 -1 22 -1 22 -1 22 -1 22 -1 22 -1 22 -1 22 -1 22 -1 22 -1 36 -1 22 -1 22 -1 22 -1 22 -1 22 -1 22 -1 22 -1 22 -1 36 -1 22 -1 22 -1 22 -1 22 -1 22 -1 22 -1 22 -1 22 -1 22 -1 22 -1 22 -1 22 -1 22 -1 22 -1 22 -1 
22 -1 22 -1 22 -1 22 -1 22 -1 22 -1 22 -1 22 -1 22 -1 22 -1 22 -1 22 -1 22 -1 22 -1 22 -1 36 -1 22 -1 22 -1 22 -1 22 -1 22 -1 22 -1 22 -1 22 -1 22 -1 36 -1 22 -1 22 -1 22 -1 22 -1 22 -1 22 -1 22 -1 22 -1 22 -1 22 -1 22 -1 22 -1 22 -1 22 -1 
22 -1 22 -1 22 -1 22 -1 22 -1 22 -1 22 -1 22 -1 22 -1 22 -1 22 -1 22 -1 22 -1 22 -1 36 -1 22 -1 22 -1 22 -1 22 -1 22 -1 22 -1 22 -1 22 -1 22 -1 22 -1 22 -1 22 -1 22 -1 22 -1 22 -1 22 -1 22 -1 22 -1 22 -1 22 -1 22 -1 22 -1 22 -1 22 -1 22 -1 
22 -1 22 -1 22 -1 22 -1 22 -1 22 -1 22 -1 22 -1 22 -1 22 -1 22 -1 22 -1 22 -1 22 -1 36 -1 22 -1 22 -1 22 -1 22 -1 22 -1 22 -1 22 -1 22 -1 22 -1 22 -1 36 -1 22 -1 22 -1 22 -1 22 -1 22 -1 22 -1 22 -1 22 -1 22 -1 22 -1 22 -1 22 -1 22 -1 22 -1 
22 -1 22 -1 22 -1 22 -1 22 -1 22 -1 22 -1 22 -1 22 -1 22 -1 22 -1 22 -1 22 -1 22 -1 36 -1 22 -1 22 -1 22 -1 22 -1 22 -1 22 -1 22 -1 22 -1 22 -1 22 -1 36 -1 22 -1 22 -1 22 -1 22 -1 22 -1 22 -1 22 -1 22 -1 22 -1 22 -1 22 -1 22 -1 22 -1 22 -1 
22 -1 22 -1 22 -1 22 -1 22 -1 22 -1 22 -1 22 -1 22 -1 22 -1 22 -1 22 -1 22 -1 22 -1 36 -1 22 -1 22 -1 22 -1 22 -1 22 -1 22 -1 22 -1 22 -1 22 -1 22 -1 36 -1 22 -1 22 -1 22 -1 22 -1 22 -1 22 -1 22 -1 22 -1 22 -1 22 -1 22 -1 22 -1 22 -1 22 -1 
22 -1 22 -1 22 -1 22 -1 22 -1 22 -1 22 -1 22 -1 22 -1 22 -1 22 -1 22 -1 22 -1 22 -1 36 -1 22 -1 22 -1 22 -1 22 -1 22 -1 22 -1 22 -1 22 -1 22 -1 36 -1 22 -1 22 -1 22 -1 22 -1 22 -1 22 -1 22 -1 22 -1 22 -1 22 -1 22 -1 22 -1 22 -1 22 -1 22 -1 
22 -1 22 -1 22 -1 22 -1 22 -1 22 -1 22 -1 22 -1 22 -1 22 -1 22 -1 22 -1 22 -1 22 -1 22 -1 36 -1 22 -1 22 -1 22 -1 22 -1 22 -1 22 -1 22 -1 22 -1 36 -1 22 -1 22 -1 22 -1 22 -1 22 -1 22 -1 22 -1 22 -1 22 -1 22 -1 22 -1 22 -1 22 -1 22 -1 22 -1 
22 -1 22 -1 22 -1 22 -1 22 -1 22 -1 22 -1 22 -1 22 -1 22 -1 22 -1 22 -1 22 -1 22 -1 22 -1 36 -1 22 -1 22 -1 22 -1 22 -1 22 -1 22 -1 36 -1 36 -1 22 -1 22 -1 22 -1 22 -1 22 -1 22 -1 22 -1 22 -1 22 -1 22 -1 22 -1 22 -1 22 -1 22 -1 22 -1 22 -1 
22 -1 22 -1 22 -1 22 -1 22 -1 22 -1 22 -1 22 -1 22 -1 22 -1 22 -1 22 -1 22 -1 22 -1 22 -1 22 -1 36 -1 36 -1 36 -1 22 -1 36 -1 36 -1 36 -1 22 -1 22 -1 22 -1 22 -1 22 -1 22 -1 22 -1 22 -1 22 -1 22 -1 22 -1 22 -1 22 -1 22 -1 22 -1 22 -1 22 -1 
22 -1 22 -1 22 -1 22 -1 22 -1 22 -1 22 -1 22 -1 22 -1 22 -1 22 -1 22 -1 22 -1 22 -1 22 -1 22 -1 22 -1 22 -1 36 -1 36 -1 36 -1 22 -1 22 -1 22 -1 22 -1 22 -1 22 -1 22 -1 22 -1 22 -1 22 -1 22 -1 22 -1 22 -1 22 -1 22 -1 22 -1 22 -1 22 -1 22 -1 
22 -1 22 -1 22 -1 22 -1 22 -1 22 -1 22 -1 22 -1 22 -1 22 -1 22 -1 22 -1 22 -1 22 -1 22 -1 22 -1 22 -1 22 -1 22 -1 22 -1 22 -1 22 -1 22 -1 22 -1 22 -1 22 -1 22 -1 22 -1 22 -1 22 -1 22 -1 22 -1 22 -1 22 -1 22 -1 22 -1 22 -1 22 -1 22 -1 22 -1 
22 -1 22 -1 22 -1 22 -1 22 -1 22 -1 22 -1 22 -1 22 -1 22 -1 22 -1 22 -1 22 -1 22 -1 22 -1 22 -1 22 -1 22 -1 22 -1 22 -1 22 -1 22 -1 22 -1 22 -1 22 -1 22 -1 22 -1 22 -1 22 -1 22 -1 22 -1 22 -1 22 -1 22 -1 22 -1 22 -1 22 -1 22 -1 22 -1 22 -1 
22 -1 22 -1 22 -1 22 -1 22 -1 22 -1 22 -1 22 -1 22 -1 22 -1 22 -1 22 -1 22 -1 22 -1 22 -1 22 -1 22 -1 22 -1 22 -1 22 -1 22 -1 22 -1 22 -1 22 -1 22 -1 22 -1 22 -1 22 -1 22 -1 22 -1 22 -1 22 -1 22 -1 22 -1 22 -1 22 -1 22 -1 22 -1 22 -1 22 -1 
22 -1 22 -1 22 -1 22 -1 22 -1 22 -1 22 -1 22 -1 22 -1 22 -1 22 -1 22 -1 22 -1 22 -1 22 -1 22 -1 22 -1 22 -1 22 -1 22 -1 22 -1 22 -1 22 -1 22 -1 22 -1 22 -1 22 -1 22 -1 22 -1 22 -1 22 -1 22 -1 22 -1 22 -1 22 -1 22 -1 22 -1 22 -1 22 -1 22 -1 
22 -1 22 -1 22 -1 22 -1 22 -1 22 -1 22 -1 22 -1 22 -1 22 -1 22 -1 22 -1 22 -1 22 -1 22 -1 22 -1 22 -1 22 -1 22 -1 22 -1 22 -1 22 -1 22 -1 22 -1 22 -1 22 -1 22 -1 22 -1 22 -1 22 -1 22 -1 22 -1 22 -1 22 -1 22 -1 22 -1 22 -1 22 -1 22 -1 22 -1 
22 -1 22 -1 22 -1 22 -1 22 -1 22 -1 22 -1 22 -1 22 -1 22 -1 22 -1 22 -1 22 -1 22 -1 22 -1 22 -1 22 -1 22 -1 22 -1 22 -1 22 -1 22 -1 22 -1 22 -1 22 -1 22 -1 22 -1 22 -1 22 -1 22 -1 22 -1 22 -1 22 -1 22 -1 22 -1 22 -1 22 -1 22 -1 22 -1 22 -1 
22 -1 22 -1 22 -1 22 -1 22 -1 22 -1 22 -1 22 -1 22 -1 22 -1 22 -1 22 -1 22 -1 22 -1 22 -1 22 -1 22 -1 22 -1 22 -1 22 -1 22 -1 22 -1 22 -1 22 -1 22 -1 22 -1 22 -1 22 -1 22 -1 22 -1 22 -1 22 -1 22 -1 22 -1 22 -1 22 -1 22 -1 22 -1 22 -1 22 -1 
22 -1 22 -1 22 -1 22 -1 22 -1 22 -1 22 -1 22 -1 22 -1 22 -1 22 -1 22 -1 22 -1 22 -1 22 -1 22 -1 22 -1 22 -1 22 -1 22 -1 22 -1 22 -1 22 -1 22 -1 22 -1 22 -1 22 -1 22 -1 22 -1 22 -1 22 -1 22 -1 22 -1 22 -1 22 -1 22 -1 22 -1 22 -1 22 -1 22 -1 
22 -1 22 -1 22 -1 22 -1 22 -1 22 -1 22 -1 22 -1 22 -1 22 -1 22 -1 22 -1 22 -1 22 -1 22 -1 22 -1 22 -1 22 -1 22 -1 22 -1 22 -1 22 -1 22 -1 22 -1 22 -1 22 -1 22 -1 22 -1 22 -1 22 -1 22 -1 22 -1 22 -1 22 -1 22 -1 22 -1 22 -1 22 -1 22 -1 22 -1 
22 -1 22 -1 22 -1 22 -1 22 -1 22 -1 22 -1 22 -1 22 -1 22 -1 22 -1 22 -1 22 -1 22 -1 22 -1 22 -1 22 -1 22 -1 22 -1 22 -1 22 -1 22 -1 22 -1 22 -1 22 -1 22 -1 22 -1 22 -1 22 -1 22 -1 22 -1 22 -1 22 -1 22 -1 22 -1 22 -1 22 -1 22 -1 22 -1 22 -1 
22 -1 22 -1 22 -1 22 -1 22 -1 22 -1 22 -1 22 -1 22 -1 22 -1 22 -1 22 -1 22 -1 22 -1 22 -1 22 -1 22 -1 22 -1 22 -1 22 -1 22 -1 22 -1 22 -1 22 -1 22 -1 22 -1 22 -1 22 -1 22 -1 22 -1 22 -1 22 -1 22 -1 22 -1 22 -1 22 -1 22 -1 22 -1 22 -1 22 -1 
22 -1 22 -1 22 -1 22 -1 22 -1 22 -1 22 -1 22 -1 22 -1 22 -1 22 -1 22 -1 22 -1 22 -1 22 -1 22 -1 22 -1 22 -1 22 -1 22 -1 22 -1 22 -1 22 -1 22 -1 22 -1 22 -1 22 -1 22 -1 22 -1 22 -1 22 -1 22 -1 22 -1 22 -1 22 -1 22 -1 22 -1 22 -1 22 -1 22 -1 
22 -1 22 -1 22 -1 22 -1 22 -1 22 -1 22 -1 22 -1 22 -1 22 -1 22 -1 22 -1 22 -1 22 -1 22 -1 22 -1 22 -1 22 -1 22 -1 22 -1 22 -1 22 -1 22 -1 22 -1 22 -1 22 -1 22 -1 22 -1 22 -1 22 -1 22 -1 22 -1 22 -1 22 -1 22 -1 22 -1 22 -1 22 -1 22 -1 22 -1 
22 -1 22 -1 22 -1 22 -1 22 -1 22 -1 22 -1 22 -1 22 -1 22 -1 22 -1 22 -1 22 -1 22 -1 22 -1 22 -1 22 -1 22 -1 22 -1 22 -1 22 -1 22 -1 22 -1 22 -1 22 -1 22 -1 22 -1 22 -1 22 -1 22 -1 22 -1 22 -1 22 -1 22 -1 22 -1 22 -1 22 -1 22 -1 22 -1 22 -1 
