40 40
22 -1 22 -1 22 -1 22 -1 22 -1 22 -1 22 -1 22 -1 22 -1 22 -1 22 -1 22 -1 22 -1 22 -1 22 -1 22 -1 22 -1 22 -1 22 -1 22 -1 22 -1 22 -1 22 -1 22 -1 22 -1 22 -1 22 -1 22 -1 22 -1 22 -1 22 -1 22 -1 22 -1 22 -1 22 -1 22 -1 22 -1 22 -1 22 -1 22 -1 
22 -1 22 -1 22 -1 22 -1 22 -1 22 -1 22 -1 22 -1 22 -1 22 -1 22 -1 22 -1 22 -1 22 -1 22 -1 22 -1 22 -1 22 -1 22 -1 22 -1 22 -1 22 -1 22 -1 22 -1 22 -1 22 -1 22 -1 22 -1 22 -1 22 -1 22 -1 22 -1 22 -1 22 -1 22 -1 22 -1 22 -1 22 -1 22 -1 22 -1 
22 -1 22 -1 22 -1 22 -1 22 -1 22 -1 22 -1 22 -1 22 -1 22 -1 22 -1 22 -1 22 -1 22 -1 22 -1 22 -1 22 -1 22 -1 22 -1 22 -1 22 -1 22 -1 22 -1 22 -1 22 -1 22 -1 22 -1 22 -1 22 -1 22 -1 22 -1 22 -1 22 -1 22 -1 22 -1 22 -1 22 -1 22 -1 22 -1 22 -1 
22 -1 22 -1 22 -1 22 -1 22 -1 22 -1 22 -1 22 -1 22 -1 22 -1 22 -1 22 -1 22 -1 22 -1 22 -1 22 -1 22 -1 22 -1 22 -1 22 -1 22 -1 22 -1 22 -1 22 -1 22 -1 22 -1 22 -1 22 -1 22 -1 22 -1 22 -1 22 -1 22 -1 22 -1 22 -1 22 -1 22 -1 22 -1 22 -1 22 -1 
22 -1 22 -1 22 -1 22 -1 22 -1 22 -1 22 -1 22 -1 22 -1 22 -1 22 -1 22 -1 22 -1 22 -1 22 -1 22 -1 22 -1 22 -1 22 -1 22 -1 22 -1 22 -1 22 -1 22 -1 22 -1 22 -1 22 -1 22 -1 22 -1 22 -1 22 -1 22 -1 22 -1 22 -1 22 -1 22 -1 22 -1 22 -1 22 -1 22 -1 
22 -1 22 -1 22 -1 22 -1 22 -1 22 -1 22 -1 22 -1 22 -1 22 -1 22 -1 22 -1 22 -1 22 -1 22 -1 22 -1 22 -1 22 -1 22 -1 22 -1 22 -1 22 -1 22 -1 22 -1 22 -1 22 -1 22 -1 22 -1 22 -1 22 -1 22 -1 22 -1 22 -1 22 -1 22 -1 22 -1 22 -1 22 -1 22 -1 22 -1 
22 -1 22 -1 22 -1 22 -1 22 -1 22 -1 22 -1 22 -1 22 -1 22 -1 22 -1 22 -1 22 -1 22 -1 22 -1 22 -1 22 -1 22 -1 22 -1 22 -1 22 -1 22 -1 22 -1 22 -1 22 -1 22 -1 22 -1 22 -1 22 -1 22 -1 22 -1 22 -1 22 -1 22 -1 22 -1 22 -1 22 -1 22 -1 22 -1 22 -1 
22 -1 22 -1 22 -1 22 -1 22 -1 22 -1 22 -1 22 -1 22 -1 22 -1 22 -1 22 -1 22 -1 22 -1 22 -1 22 -1 22 -1 22 -1 22 -1 22 -1 22 -1 22 -1 22 -1 22 -1 22 -1 22 -1 22 -1 22 -1 22 -1 22 -1 22 -1 22 -1 22 -1 22 -1 22 -1 22 -1 22 -1 22 -1 22 -1 22 -1 
22 -1 22 -1 22 -1 22 -1 22 -1 22 -1 22 -1 22 -1 22 -1 22 -1 22 -1 22 -1 22 -1 22 -1 22 -1 22 -1 22 -1 22 -1 22 -1 22 -1 22 -1 22 -1 22 -1 22 -1 22 -1 22 -1 22 -1 22 -1 22 -1 22 -1 22 -1 22 -1 22 -1 22 -1 22 -1 22 -1 22 -1 22 -1 22 -1 22 -1 
22 -1 22 -1 22 -1 22 -1 22 -1 22 -1 22 -1 22 -1 22 -1 22 -1 22 -1 22 -1 22 -1 22 -1 22 -1 22 -1 22 -1 22 -1 22 -1 22 -1 22 -1 22 -1 22 -1 22 -1 22 -1 22 -1 22 -1 22 -1 22 -1 22 -1 22 -1 22 -1 22 -1 22 -1 22 -1 22 -1 22 -1 22 -1 22 -1 22 -1 
22 -1 22 -1 22 -1 22 -1 22 -1 22 -1 22 -1 22 -1 22 -1 22 -1 22 -1 22 -1 22 -1 22 -1 22 -1 22 -1 22 -1 22 -1 22 -1 22 -1 22 -1 22 -1 22 -1 22 -1 22 -1 22 -1 22 -1 22 -1 22 -1 22 -1 22 -1 22 -1 22 -1 22 -1 22 -1 22 -1 22 -1 22 -1 22 -1 22 -1 
22 -1 22 -1 22 -1 22 -1 22 -1 22 -1 22 -1 22 -1 22 -1 22 -1 22 -1 22 -1 22 -1 22 -1 22 -1 22 -1 22 -1 22 -1 22 -1 22 -1 22 -1 22 -1 22 -1 22 -1 22 -1 22 -1 22 -1 22 -1 22 -1 22 -1 22 -1 22 -1 22 -1 22 -1 22 -1 22 -1 22 -1 22 -1 22 -1 22 -1 
22 -1 22 -1 22 -1 22 -1 22 -1 22 -1 22 -1 22 -1 22 -1 22 -1 22 -1 22 -1 22 -1 22 -1 22 -1 22 -1 22 -1 22 -1 22 -1 22 -1 22 -1 22 -1 22 -1 22 -1 22 -1 22 -1 22 -1 22 -1 22 -1 22 -1 22 -1 22 -1 22 -1 22 -1 22 -1 22 -1 22 -1 22 -1 22 -1 22 -1 
22 -1 22 -1 22 -1 22 -1 22 -1 22 -1 22 -1 22 -1 22 -1 22 -1 22 -1 16 -1 16 -1 16 -1 16 -1 16 -1 16 -1 16 -1 16 -1 22 -1 22 -1 22 -1 22 -1 22 -1 22 -1 22 -1 22 -1 22 -1 22 -1 22 -1 22 -1 22 -1 22 -1 22 -1 22 -1 22 -1 22 -1 22 -1 22 -1 22 -1 
22 -1 22 -1 22 -1 22 -1 22 -1 22 -1 22 -1 22 -1 22 -1 22 -1 22 -1 16 -1 28 -1 28 -1 28 -1 28 -1 28 -1 28 -1 16 -1 22 -1 22 -1 22 -1 22 -1 22 -1 22 -1 22 -1 22 -1 22 -1 22 -1 22 -1 22 -1 22 -1 22 -1 22 -1 22 -1 22 -1 22 -1 22 -1 22 -1 22 -1 
22 -1 22 -1 22 -1 22 -1 22 -1 22 -1 22 -1 22 -1 22 -1 22 -1 22 -1 16 -1 28 -1 28 -1 28 -1 28 -1 28 -1 28 -1 16 -1 22 -1 22 -1 22 -1 22 -1 22 -1 22 -1 22 -1 22 -1 22 -1 22 -1 22 -1 22 -1 22 -1 22 -1 22 -1 22 -1 22 -1 22 -1 22 -1 22 -1 22 -1 
22 -1 22 -1 22 -1 22 -1 22 -1 22 -1 22 -1 22 -1 22 -1 22 -1 22 -1 16 -1 28 -1 28 -1 28 -1 28 -1 28 -1 28 -1 16 -1 22 -1 22 -1 22 -1 22 -1 22 -1 22 -1 22 -1 22 -1 22 -1 22 -1 22 -1 22 -1 22 -1 22 -1 22 -1 22 -1 22 -1 22 -1 22 -1 22 -1 22 -1 
22 -1 22 -1 22 -1 22 -1 22 -1 22 -1 22 -1 22 -1 22 -1 22 -1 22 -1 16 -1 28 -1 28 -1 28 -1 28 -1 28 -1 28 -1 16 -1 22 -1 22 -1 22 -1 22 -1 22 -1 22 -1 22 -1 22 -1 22 -1 22 -1 22 -1 22 -1 22 -1 22 -1 22 -1 22 -1 22 -1 22 -1 22 -1 22 -1 22 -1 
22 -1 22 -1 22 -1 22 -1 22 -1 22 -1 22 -1 22 -1 22 -1 22 -1 22 -1 16 -1 28 -1 28 -1 28 -1 28 -1 28 -1 28 -1 16 -1 22 -1 22 -1 22 -1 22 -1 22 -1 22 -1 22 -1 22 -1 22 -1 22 -1 22 -1 22 -1 22 -1 22 -1 22 -1 22 -1 22 -1 22 -1 22 -1 22 -1 22 -1 
22 -1 22 -1 22 -1 22 -1 22 -1 22 -1 22 -1 22 -1 22 -1 22 -1 22 -1 16 -1 28 -1 28 -1 28 -1 28 -1 28 -1 28 -1 16 -1 22 -1 22 -1 22 -1 22 -1 22 -1 22 -1 22 -1 22 -1 22 -1 22 -1 22 -1 22 -1 22 -1 22 -1 22 -1 22 -1 22 -1 22 -1 22 -1 22 -1 22 -1 
22 -1 22 -1 22 -1 22 -1 22 -1 22 -1 22 -1 22 -1 22 -1 22 -1 22 -1 16 -1 28 -1 28 -1 28 -1 28 -1 28 -1 28 -1 16 -1 22 -1 22 -1 22 -1 22 -1 22 -1 22 -1 22 -1 22 -1 22 -1 22 -1 22 -1 22 -1 22 -1 22 -1 22 -1 22 -1 22 -1 22 -1 22 -1 22 -1 22 -1 
22 -1 22 -1 22 -1 22 -1 22 -1 22 -1 22 -1 22 -1 22 -1 22 -1 22 -1 16 -1 16 -1 16 -1 22 2 16 -1 16 -1 16 -1 16 -1 22 -1 22 -1 22 -1 22 -1 22 -1 22 -1 22 -1 22 -1 22 -1 22 -1 22 -1 22 -1 22 -1 22 -1 22 -1 22 -1 22 -1 22 -1 22 -1 22 -1 22 -1 
22 -1 22 -1 22 -1 22 -1 22 -1 22 -1 22 -1 22 -1 22 -1 22 -1 22 -1 22 -1 22 -1 22 -1 22 -1 22 -1 22 -1 22 -1 22 -1 22 -1 22 -1 22 -1 22 -1 22 -1 22 -1 22 -1 22 -1 22 -1 22 -1 22 -1 22 -1 22 -1 22 -1 22 -1 22 -1 22 -1 22 -1 22 -1 22 -1 22 -1 
22 -1 22 -1 22 -1 22 -1 22 -1 22 -1 22 -1 22 -1 22 -1 22 -1 22 -1 22 -1 22 -1 22 -1 22 -1 22 -1 22 -1 22 -1 22 -1 22 -1 22 -1 22 -1 22 -1 22 -1 22 -1 22 -1 22 -1 22 -1 22 -1 22 -1 22 -1 22 -1 22 -1 22 -1 22 -1 22 -1 22 -1 22 -1 22 -1 22 -1 
22 -1 22 -1 22 -1 22 -1 22 -1 22 -1 22 -1 22 -1 22 -1 22 -1 22 -1 22 -1 22 -1 22 -1 22 -1 22 -1 22 -1 22 -1 22 -1 22 -1 22 -1 22 -1 22 -1 22 -1 22 -1 22 -1 22 -1 22 -1 22 -1 22 -1 22 -1 22 -1 22 -1 22 -1 22 -1 22 -1 22 -1 22 -1 22 -1 22 -1 
22 -1 22 -1 22 -1 22 -1 22 -1 22 -1 22 -1 22 -1 22 -1 22 -1 22 -1 22 -1 22 -1 22 -1 22 -1 22 -1 22 -1 22 -1 22 -1 22 -1 22 -1 22 -1 22 -1 22 -1 22 -1 22 -1 22 -1 22 -1 22 -1 22 -1 22 -1 22 -1 22 -1 22 -1 22 -1 22 -1 22 -1 22 -1 22 -1 22 -1 
22 -1 22 -1 22 -1 22 -1 22 -1 22 -1 22 -1 22 -1 22 -1 22 -1 22 -1 22 -1 22 -1 22 -1 22 -1 22 -1 22 -1 22 -1 22 -1 22 -1 22 -1 22 -1 22 -1 22 -1 22 -1 22 -1 22 -1 22 -1 22 -1 22 -1 22 -1 22 -1 22 -1 22 -1 22 -1 22 -1 22 -1 22 -1 22 -1 22 -1 
22 -1 22 -1 22 -1 22 -1 22 -1 22 -1 22 -1 22 -1 22 -1 22 -1 22 -1 22 -1 22 -1 22 -1 22 -1 22 -1 22 -1 22 -1 22 -1 22 -1 22 -1 22 -1 22 -1 22 -1 22 -1 22 -1 22 -1 22 -1 22 -1 22 -1 22 -1 22 -1 22 -1 22 -1 22 -1 22 -1 22 -1 22 -1 22 -1 22 -1 
22 -1 22 -1 22 -1 22 -1 22 -1 22 -1 22 -1 22 -1 22 -1 22 -1 22 -1 22 -1 22 -1 22 -1 22 -1 22 -1 22 -1 22 -1 22 -1 22 -1 22 -1 22 -1 22 -1 22 -1 22 -1 22 -1 22 -1 22 -1 22 -1 22 -1 22 -1 22 -1 22 -1 22 -1 22 -1 22 -1 22 -1 22 -1 22 -1 22 -1 
22 -1 22 -1 22 -1 22 -1 22 -1 22 -1 22 -1 22 -1 22 -1 22 -1 22 -1 22 -1 22 -1 22 -1 22 -1 22 -1 22 -1 22 -1 22 -1 22 -1 22 -1 22 -1 22 -1 22 -1 22 -1 22 -1 22 -1 22 -1 22 -1 22 -1 22 -1 22 -1 22 -1 22 -1 22 -1 22 -1 22 -1 22 -1 22 -1 22 -1 
22 -1 22 -1 22 -1 22 -1 22 -1 22 -1 22 -1 22 -1 22 -1 22 -1 22 -1 22 -1 22 -1 22 -1 22 -1 22 -1 22 -1 22 -1 22 -1 22 -1 22 -1 22 -1 22 -1 22 -1 22 -1 22 -1 22 -1 22 -1 22 -1 22 -1 22 -1 22 -1 22 -1 22 -1 22 -1 22 -1 22 -1 22 -1 22 -1 22 -1 
22 -1 22 -1 22 -1 22 -1 22 -1 22 -1 22 -1 22 -1 22 -1 22 -1 22 -1 22 -1 22 -1 22 -1 22 -1 22 -1 22 -1 22 -1 22 -1 22 -1 22 -1 22 -1 22 -1 22 -1 22 -1 22 -1 22 -1 22 -1 22 -1 22 -1 22 -1 22 -1 22 -1 22 -1 22 -1 22 -1 22 -1 22 -1 22 -1 22 -1 
22 -1 22 -1 22 -1 22 -1 22 -1 22 -1 22 -1 22 -1 22 -1 22 -1 22 -1 22 -1 22 -1 22 -1 22 -1 22 -1 22 -1 22 -1 22 -1 22 -1 22 -1 22 -1 22 -1 22 -1 22 -1 22 -1 22 -1 22 -1 22 -1 22 -1 22 -1 22 -1 22 -1 22 -1 22 -1 22 -1 22 -1 22 -1 22 -1 22 -1 
22 -1 22 -1 22 -1 22 -1 22 -1 22 -1 22 -1 22 -1 22 -1 22 -1 22 -1 22 -1 22 -1 22 -1 22 -1 22 -1 22 -1 22 -1 22 -1 22 -1 22 -1 22 -1 22 -1 22 -1 22 -1 22 -1 22 -1 22 -1 22 -1 22 -1 22 -1 22 -1 22 -1 22 -1 22 -1 22 -1 22 -1 22 -1 22 -1 22 -1 
22 -1 22 -1 22 -1 22 -1 22 -1 22 -1 22 -1 22 -1 22 -1 22 -1 22 -1 22 -1 22 -1 22 -1 22 -1 22 -1 22 -1 22 -1 22 -1 22 -1 22 -1 22 -1 22 -1 22 -1 22 -1 22 -1 22 -1 22 -1 22 -1 22 -1 22 -1 22 -1 22 -1 22 -1 22 -1 22 -1 22 -1 22 -1 22 -1 22 -1 
22 -1 22 -1 22 -1 22 -1 22 -1 22 -1 22 -1 22 -1 22 -1 22 -1 22 -1 22 -1 22 -1 22 -1 22 -1 22 -1 22 -1 22 -1 22 -1 22 -1 22 -1 22 -1 22 -1 22 -1 22 -1 22 -1 22 -1 22 -1 22 -1 22 -1 22 -1 22 -1 22 -1 22 -1 22 -1 22 -1 22 -1 22 -1 22 -1 22 -1 
22 -1 22 -1 22 -1 22 -1 22 -1 22 -1 22 -1 22 -1 22 -1 22 -1 22 -1 22 -1 22 -1 22 -1 22 -1 22 -1 22 -1 22 -1 22 -1 22 -1 22 -1 22 -1 22 -1 22 -1 22 -1 22 -1 22 -1 22 -1 22 -1 22 -1 22 -1 22 -1 22 -1 22 -1 22 -1 22 -1 22 -1 22 -1 22 -1 22 -1 
22 -1 22 -1 22 -1 22 -1 22 -1 22 -1 22 -1 22 -1 22 -1 22 -1 22 -1 22 -1 22 -1 22 -1 22 -1 22 -1 22 -1 22 -1 22 -1 22 -1 22 -1 22 -1 22 -1 22 -1 22 -1 22 -1 22 -1 22 -1 22 -1 22 -1 22 -1 22 -1 22 -1 22 -1 22 -1 22 -1 22 -1 22 -1 22 -1 22 -1 
22 -1 22 -1 22 -1 22 -1 22 -1 22 -1 22 -1 22 -1 22 -1 22 -1 22 -1 22 -1 22 -1 22 -1 22 -1 22 -1 22 -1 22 -1 22 -1 22 -1 22 -1 22 -1 22 -1 22 -1 22 -1 22 -1 22 -1 22 -1 22 -1 22 -1 22 -1 22 -1 22 -1 22 -1 22 -1 22 -1 22 -1 22 -1 22 -1 22 -1 
22 -1 22 -1 22 -1 22 -1 22 -1 22 -1 22 -1 22 -1 22 -1 22 -1 22 -1 22 -1 22 -1 22 -1 22 -1 22 -1 22 -1 22 -1 22 -1 22 -1 22 -1 22 -1 22 -1 22 -1 22 -1 22 -1 22 -1 22 -1 22 -1 22 -1 22 -1 22 -1 22 -1 22 -1 22 -1 22 -1 22 -1 22 -1 22 -1 22 -1 
