52 50 -12 -10
22 -1 22 -1 22 -1 22 -1 22 -1 22 -1 22 -1 22 -1 22 -1 22 -1 22 -1 22 -1 22 -1 22 -1 22 -1 22 -1 22 -1 22 -1 22 -1 22 -1 22 -1 22 -1 22 -1 22 -1 22 -1 22 -1 22 -1 22 -1 22 -1 22 -1 22 -1 22 -1 22 -1 22 -1 22 -1 22 -1 22 -1 22 -1 22 -1 22 -1 22 -1 22 -1 22 -1 22 -1 22 -1 22 -1 22 -1 22 -1 22 -1 22 -1 22 -1 22 -1 
22 -1 22 -1 22 -1 22 -1 22 -1 22 -1 22 -1 22 -1 22 -1 22 -1 22 -1 22 -1 22 -1 22 0 22 -1 22 -1 22 -1 22 -1 22 -1 22 -1 22 -1 3 -1 3 -1 3 -1 3 -1 3 -1 3 -1 3 -1 22 -1 22 -1 22 -1 22 -1 22 -1 22 -1 22 -1 22 -1 22 -1 22 -1 22 -1 22 -1 22 -1 22 -1 22 -1 22 -1 22 -1 22 -1 22 -1 22 -1 22 -1 22 -1 22 -1 22 -1 
22 -1 22 -1 22 -1 22 -1 22 -1 22 -1 22 -1 22 -1 22 -1 22 -1 22 -1 22 -1 22 -1 22 0 22 -1 22 -1 22 -1 22 -1 22 -1 22 0 22 0 3 -1 3 -1 3 -1 3 -1 3 -1 3 -1 3 -1 3 -1 3 -1 22 -1 22 -1 22 -1 22 -1 22 -1 22 -1 22 -1 22 -1 22 -1 22 -1 22 -1 22 -1 22 -1 22 -1 22 -1 22 -1 22 -1 22 -1 22 -1 22 -1 22 -1 22 -1 
22 -1 22 -1 22 -1 22 -1 22 -1 3 -1 22 -1 3 -1 22 -1 22 -1 22 -1 22 -1 22 -1 22 0 22 0 22 -1 22 -1 22 -1 22 0 3 -1 3 -1 3 -1 3 -1 3 -1 3 -1 3 -1 3 -1 3 -1 3 -1 3 -1 22 -1 22 -1 22 -1 22 -1 3 -1 3 -1 3 -1 22 -1 22 -1 22 -1 22 -1 22 -1 22 -1 22 -1 22 -1 22 -1 22 -1 22 -1 22 -1 22 -1 22 -1 22 -1 
22 -1 22 -1 22 -1 22 -1 22 -1 22 -1 3 -1 3 -1 3 -1 22 -1 3 -1 3 -1 22 -1 22 -1 22 0 22 -1 22 -1 22 0 22 -1 3 -1 3 -1 3 -1 3 -1 3 -1 3 -1 3 -1 3 -1 3 -1 3 -1 3 -1 3 -1 3 -1 3 -1 3 -1 3 -1 3 -1 3 -1 3 -1 3 -1 3 -1 3 -1 22 -1 22 -1 22 -1 22 -1 22 -1 22 -1 22 -1 22 -1 22 -1 22 -1 22 -1 
22 -1 22 -1 22 -1 22 -1 22 -1 22 -1 3 -1 3 -1 3 -1 22 -1 22 -1 22 -1 22 -1 22 -1 22 -1 22 -1 22 0 22 -1 22 -1 3 -1 3 -1 3 -1 3 -1 3 -1 3 -1 3 -1 3 -1 3 -1 3 -1 3 -1 3 -1 3 -1 3 -1 3 -1 3 -1 3 -1 3 -1 3 -1 3 -1 3 -1 3 -1 3 -1 3 -1 22 -1 22 -1 22 -1 22 -1 22 -1 22 -1 22 -1 22 -1 22 -1 
22 -1 22 -1 22 -1 22 0 22 -1 22 -1 3 -1 3 -1 22 -1 3 -1 3 -1 3 -1 22 -1 22 -1 22 -1 22 -1 22 0 22 0 22 -1 3 -1 3 -1 3 -1 3 -1 3 -1 3 -1 3 -1 3 -1 3 -1 3 -1 3 -1 22 -1 22 -1 22 -1 22 -1 22 -1 22 -1 22 -1 22 -1 22 -1 3 -1 3 -1 3 -1 3 -1 3 -1 22 -1 22 -1 22 -1 22 -1 22 -1 22 -1 22 -1 22 -1 
22 -1 22 -1 22 -1 22 0 22 0 22 -1 22 -1 3 -1 22 -1 22 -1 22 -1 22 -1 22 -1 22 -1 22 -1 22 -1 22 -1 22 -1 22 0 22 -1 3 -1 3 -1 3 -1 3 -1 3 -1 3 -1 3 -1 3 -1 3 -1 22 -1 22 -1 22 -1 22 -1 22 -1 22 -1 22 -1 22 -1 22 -1 22 -1 22 -1 22 -1 3 -1 3 -1 3 -1 3 -1 3 -1 22 -1 22 -1 22 -1 22 -1 22 -1 22 -1 
22 -1 22 -1 22 -1 22 -1 22 0 22 -1 22 -1 22 -1 22 -1 22 -1 22 -1 22 -1 22 -1 22 -1 22 -1 22 -1 22 -1 22 -1 22 -1 22 0 22 0 22 -1 22 -1 22 -1 22 -1 22 -1 22 -1 22 -1 22 -1 22 0 22 0 22 0 22 0 22 0 22 0 22 -1 22 -1 22 -1 22 -1 22 -1 22 -1 22 -1 22 -1 22 -1 3 -1 3 -1 3 -1 22 -1 22 -1 22 -1 22 -1 22 -1 
22 -1 22 -1 22 -1 22 -1 22 0 22 -1 22 -1 22 -1 22 -1 22 -1 22 -1 22 -1 22 -1 22 -1 22 -1 22 -1 22 -1 22 -1 22 -1 22 -1 22 0 22 -1 22 -1 22 -1 22 -1 22 -1 22 -1 22 -1 22 -1 22 0 22 -1 22 -1 22 -1 22 -1 22 -1 22 -1 22 -1 22 -1 22 -1 22 -1 22 -1 22 -1 22 -1 22 -1 22 -1 22 -1 3 -1 3 -1 22 -1 22 -1 22 -1 22 -1 
3 -1 3 -1 3 -1 22 -1 22 -1 22 -1 22 -1 22 -1 22 0 22 0 22 0 22 0 22 -1 22 -1 22 -1 22 -1 22 -1 22 -1 22 -1 22 -1 22 -1 22 -1 22 0 22 -1 22 -1 22 -1 22 -1 22 -1 22 -1 22 -1 22 -1 22 -1 22 -1 22 -1 22 -1 22 -1 22 -1 22 -1 22 -1 22 -1 22 -1 22 -1 22 -1 22 -1 22 -1 22 -1 3 -1 3 -1 3 -1 22 -1 22 -1 22 -1 
22 -1 3 -1 3 -1 3 -1 3 -1 22 -1 22 -1 22 -1 22 -1 22 -1 22 -1 22 0 22 -1 22 -1 22 0 22 -1 22 -1 22 -1 22 -1 22 -1 22 -1 22 0 22 0 22 -1 22 -1 22 -1 22 -1 22 0 22 0 22 0 22 -1 22 -1 22 -1 22 -1 22 -1 22 -1 22 -1 22 0 22 0 22 0 22 0 22 -1 22 -1 22 -1 22 -1 22 -1 22 -1 3 -1 3 -1 22 -1 22 -1 22 -1 
22 -1 22 -1 3 -1 3 -1 3 -1 3 -1 3 -1 22 -1 22 -1 22 -1 22 -1 22 0 22 -1 22 -1 22 -1 22 -1 22 -1 22 -1 22 -1 22 -1 22 -1 22 -1 22 -1 22 -1 22 -1 22 -1 22 -1 22 -1 22 -1 22 -1 22 0 22 -1 22 -1 22 -1 22 -1 22 0 22 0 22 -1 22 -1 22 -1 22 -1 22 -1 22 0 22 0 22 0 22 0 22 -1 22 -1 3 -1 3 -1 22 -1 22 -1 
22 -1 22 -1 22 -1 22 -1 3 -1 3 -1 3 -1 22 -1 22 -1 22 -1 22 -1 22 -1 22 0 22 -1 22 -1 22 -1 40 -1 40 -1 40 -1 40 -1 40 -1 40 -1 40 -1 22 -1 22 -1 22 -1 22 -1 22 -1 22 -1 22 -1 22 -1 22 -1 22 -1 22 -1 22 -1 22 -1 22 -1 22 -1 22 -1 22 -1 22 -1 22 -1 22 -1 22 -1 22 -1 22 -1 22 -1 22 -1 22 -1 3 -1 22 -1 22 -1 
22 -1 22 -1 22 -1 22 -1 22 -1 3 -1 3 -1 3 -1 22 -1 22 -1 22 -1 22 -1 22 -1 22 -1 22 -1 40 -1 40 -1 40 -1 40 -1 40 -1 40 -1 40 -1 40 -1 40 -1 40 -1 40 -1 40 -1 40 -1 40 -1 22 -1 22 -1 22 -1 22 -1 22 -1 22 -1 22 -1 40 -1 40 -1 40 -1 40 -1 40 -1 40 -1 40 -1 40 -1 40 -1 22 -1 22 -1 22 -1 22 -1 3 -1 3 -1 22 -1 
22 -1 22 -1 22 -1 22 -1 22 -1 22 -1 22 -1 3 -1 3 -1 22 -1 22 -1 22 -1 22 -1 22 -1 40 -1 40 -1 40 -1 40 -1 40 -1 40 -1 40 -1 40 -1 40 -1 40 -1 40 -1 40 -1 40 -1 40 -1 40 -1 40 -1 40 -1 40 -1 40 -1 40 -1 40 -1 40 -1 40 -1 40 -1 40 -1 40 -1 40 -1 40 -1 40 -1 40 -1 40 -1 40 -1 40 -1 22 -1 22 -1 22 -1 3 -1 22 -1 
22 -1 22 -1 22 0 22 -1 22 -1 22 -1 22 -1 22 -1 3 -1 3 -1 22 -1 22 -1 22 -1 22 -1 40 -1 40 -1 40 -1 40 -1 22 -1 22 -1 22 -1 22 -1 22 -1 22 -1 22 -1 22 -1 22 -1 22 -1 22 -1 22 -1 22 -1 40 -1 40 -1 40 -1 40 -1 40 -1 40 -1 40 -1 40 -1 22 -1 22 -1 22 -1 40 -1 40 -1 40 -1 40 -1 36 -1 40 -1 22 -1 22 -1 3 -1 22 -1 
22 -1 22 -1 22 -1 22 -1 22 -1 22 -1 22 -1 22 -1 22 -1 3 -1 3 -1 22 -1 22 -1 22 -1 40 -1 40 -1 40 -1 40 -1 22 -1 22 -1 22 -1 22 -1 22 -1 22 -1 22 -1 22 -1 22 -1 22 -1 22 -1 22 -1 22 -1 22 -1 22 -1 22 -1 40 -1 40 -1 40 -1 40 -1 22 -1 22 -1 22 -1 22 -1 22 -1 40 -1 40 -1 40 -1 40 -1 40 -1 22 -1 22 -1 3 -1 3 -1 
22 -1 22 -1 22 -1 22 0 22 -1 22 -1 22 -1 22 -1 22 -1 22 -1 3 -1 3 -1 22 -1 22 -1 40 -1 40 -1 40 -1 40 -1 22 -1 22 -1 40 -1 40 -1 22 -1 40 -1 40 -1 40 -1 40 -1 40 -1 40 -1 40 -1 40 -1 40 -1 40 -1 22 -1 22 -1 40 -1 40 -1 40 -1 40 -1 40 -1 40 -1 22 -1 22 -1 40 -1 40 -1 40 -1 40 -1 40 -1 22 -1 22 -1 22 -1 3 -1 
22 -1 22 -1 22 -1 22 0 22 0 22 0 22 -1 22 -1 22 -1 22 -1 3 -1 3 -1 22 -1 22 -1 40 -1 40 -1 40 -1 40 -1 22 -1 40 -1 40 -1 40 -1 22 -1 40 -1 40 -1 40 -1 40 -1 40 -1 40 -1 40 -1 40 -1 40 -1 40 -1 40 -1 40 -1 22 -1 40 -1 40 -1 40 -1 40 -1 40 -1 40 -1 22 -1 22 -1 40 -1 40 -1 40 -1 40 -1 22 -1 22 -1 22 -1 3 -1 
22 -1 22 -1 22 -1 22 -1 22 -1 22 0 22 -1 22 -1 22 -1 22 -1 22 -1 3 -1 3 -1 22 -1 40 -1 40 -1 40 -1 40 -1 22 -1 40 -1 40 -1 40 -1 22 -1 40 -1 40 -1 40 -1 22 -1 22 -1 22 -1 22 -1 22 -1 22 -1 22 -1 22 -1 22 -1 22 -1 22 -1 40 -1 40 -1 40 -1 40 -1 40 -1 40 -1 22 -1 40 -1 40 -1 40 -1 40 -1 22 -1 22 -1 22 -1 3 -1 
22 -1 22 -1 22 -1 22 -1 22 0 22 -1 22 -1 22 -1 22 -1 22 -1 22 -1 3 -1 3 -1 22 -1 40 -1 40 -1 40 -1 40 -1 22 -1 40 -1 40 -1 40 -1 22 -1 40 -1 40 -1 22 -1 22 -1 40 -1 40 -1 40 -1 40 -1 22 -1 22 -1 22 -1 22 -1 22 -1 22 -1 40 -1 40 -1 40 -1 40 -1 40 -1 22 -1 22 -1 40 -1 40 -1 40 -1 40 -1 22 -1 22 -1 22 -1 3 -1 
22 -1 22 -1 22 -1 22 -1 22 0 22 0 22 -1 22 -1 22 -1 22 -1 22 -1 22 -1 3 -1 22 -1 22 -1 40 -1 40 -1 40 -1 40 -1 40 -1 40 -1 40 -1 22 -1 40 -1 40 -1 22 -1 40 -1 40 -1 40 -1 40 -1 40 -1 40 -1 40 -1 40 -1 22 -1 22 -1 22 -1 22 -1 40 -1 40 -1 40 -1 22 -1 22 -1 22 -1 40 -1 40 -1 40 -1 40 -1 22 -1 22 -1 22 -1 3 -1 
22 -1 22 -1 22 -1 22 -1 22 -1 22 -1 22 -1 22 -1 22 -1 22 -1 22 -1 22 -1 3 -1 22 0 22 -1 22 -1 22 -1 40 -1 40 -1 40 -1 40 -1 40 -1 22 -1 40 -1 40 -1 22 -1 40 -1 40 -1 40 -1 40 -1 40 -1 40 -1 40 -1 40 -1 40 -1 40 -1 22 -1 22 -1 40 -1 40 -1 22 -1 22 -1 40 -1 22 -1 22 -1 40 -1 40 -1 40 -1 22 -1 22 -1 22 -1 3 -1 
22 -1 40 -1 40 -1 22 -1 22 -1 22 -1 22 -1 22 -1 22 -1 22 -1 22 -1 22 -1 3 -1 22 0 22 0 22 -1 22 -1 40 -1 40 -1 40 -1 40 -1 40 -1 40 -1 40 -1 40 -1 22 -1 40 -1 40 -1 40 -1 40 -1 40 -1 40 -1 40 -1 40 -1 40 -1 40 -1 40 -1 22 -1 22 -1 22 -1 22 -1 40 -1 40 -1 40 -1 22 -1 22 -1 40 -1 40 -1 22 -1 22 -1 22 -1 3 -1 
22 -1 40 -1 40 -1 40 -1 22 -1 22 -1 22 -1 22 -1 22 -1 22 0 22 -1 22 -1 3 -1 22 -1 22 -1 22 -1 22 -1 40 -1 40 -1 40 -1 40 -1 40 -1 40 -1 40 -1 40 -1 22 -1 40 -1 40 -1 40 -1 40 -1 40 -1 40 -1 40 -1 40 -1 40 -1 40 -1 40 -1 22 -1 22 -1 40 -1 40 -1 40 -1 40 -1 40 -1 40 -1 22 -1 40 -1 40 -1 22 -1 22 -1 22 -1 3 -1 
22 -1 40 -1 40 -1 40 -1 40 -1 22 -1 22 -1 22 -1 22 -1 22 0 22 -1 22 -1 3 -1 22 -1 22 -1 22 -1 22 -1 40 -1 40 -1 40 -1 40 -1 40 -1 40 -1 40 -1 40 -1 22 -1 40 -1 40 -1 40 -1 40 -1 40 -1 40 -1 40 -1 40 -1 40 -1 40 -1 40 -1 22 -1 22 -1 40 -1 40 -1 40 -1 40 -1 40 -1 22 -1 22 -1 40 -1 40 -1 22 -1 22 -1 22 -1 3 -1 
22 -1 40 -1 40 -1 40 -1 40 -1 40 -1 22 -1 22 -1 22 -1 22 -1 22 0 22 -1 3 -1 3 -1 22 0 22 -1 22 -1 40 -1 40 -1 40 -1 40 -1 40 -1 40 -1 40 -1 40 -1 22 -1 40 -1 40 -1 40 -1 40 -1 40 -1 40 -1 40 -1 40 -1 40 -1 40 -1 40 -1 22 -1 22 -1 40 -1 40 -1 40 -1 40 -1 22 -1 22 -1 40 -1 40 -1 40 -1 22 -1 22 -1 22 -1 3 -1 
22 -1 22 -1 40 -1 40 -1 40 -1 40 -1 40 -1 22 -1 22 -1 22 -1 22 0 22 -1 3 -1 3 -1 22 -1 22 -1 22 -1 40 -1 40 -1 40 -1 22 -1 22 -1 40 -1 40 -1 40 -1 22 -1 40 -1 40 -1 40 -1 40 -1 40 -1 40 -1 40 -1 40 -1 40 -1 40 -1 40 -1 22 -1 22 -1 40 -1 40 -1 40 -1 22 -1 22 -1 40 -1 40 -1 40 -1 40 -1 22 -1 22 -1 3 -1 3 -1 
22 -1 22 -1 40 -1 40 -1 40 -1 40 -1 40 -1 22 -1 22 -1 22 0 22 -1 22 -1 22 -1 3 -1 22 -1 22 -1 22 -1 40 -1 40 -1 40 -1 40 -1 22 -1 22 -1 22 -1 22 -1 22 -1 22 -1 22 -1 22 -1 40 -1 40 -1 40 -1 40 -1 40 -1 40 -1 40 -1 40 -1 22 -1 22 -1 40 -1 40 -1 40 -1 40 -1 40 -1 40 -1 40 -1 40 -1 22 -1 22 -1 22 -1 3 -1 3 -1 
22 -1 22 -1 40 -1 40 -1 40 -1 40 -1 40 -1 22 -1 22 -1 22 0 22 -1 22 -1 22 -1 3 -1 22 -1 22 -1 22 -1 22 -1 22 -1 40 -1 40 -1 40 -1 40 -1 40 -1 40 -1 40 -1 40 -1 40 -1 22 -1 40 -1 40 -1 22 -1 22 -1 22 -1 22 -1 22 -1 22 0 22 0 22 0 22 0 22 0 22 0 22 -1 22 -1 22 -1 22 -1 22 -1 22 -1 22 -1 22 -1 3 -1 22 -1 
22 -1 22 -1 22 -1 40 -1 40 -1 40 -1 40 -1 22 -1 22 -1 22 0 22 0 22 -1 22 -1 3 -1 3 -1 22 -1 22 0 22 -1 22 -1 40 -1 40 -1 40 -1 40 -1 40 -1 40 -1 40 -1 40 -1 40 -1 22 -1 40 -1 40 -1 22 -1 22 -1 22 -1 22 -1 22 -1 22 -1 22 -1 22 -1 22 -1 22 -1 22 -1 22 -1 22 -1 22 -1 22 -1 22 -1 22 -1 22 -1 3 -1 3 -1 22 -1 
22 -1 22 -1 22 -1 22 -1 40 -1 40 -1 40 -1 40 -1 22 -1 22 0 22 0 22 -1 22 -1 3 -1 3 -1 22 -1 22 -1 22 -1 22 -1 40 -1 40 -1 40 -1 22 -1 22 -1 22 -1 22 -1 22 -1 40 -1 22 -1 40 -1 40 -1 22 -1 22 -1 22 -1 22 -1 22 0 22 0 22 -1 22 -1 22 -1 22 -1 22 -1 22 -1 22 -1 22 -1 22 -1 22 -1 22 -1 22 -1 3 -1 3 -1 22 -1 
22 -1 22 -1 22 -1 22 -1 40 -1 40 -1 40 -1 40 -1 22 -1 22 -1 22 -1 22 -1 22 -1 3 -1 3 -1 22 -1 22 -1 22 -1 22 -1 40 -1 40 -1 40 -1 22 -1 22 -1 22 -1 22 -1 22 -1 22 -1 22 -1 40 -1 40 -1 22 -1 22 -1 22 -1 22 0 22 -1 22 -1 22 -1 22 -1 22 -1 22 -1 22 -1 3 -1 3 -1 3 -1 3 -1 22 -1 22 -1 22 -1 3 -1 3 -1 22 -1 
22 -1 22 -1 22 -1 22 -1 40 -1 40 -1 40 -1 40 -1 22 -1 22 -1 22 -1 22 -1 22 -1 3 -1 3 -1 22 -1 22 -1 22 -1 22 -1 40 -1 40 -1 40 -1 40 -1 40 -1 40 -1 40 -1 40 -1 40 -1 40 -1 40 -1 40 -1 22 -1 22 -1 22 -1 22 -1 22 -1 22 -1 22 -1 22 -1 22 -1 22 -1 3 -1 3 -1 3 -1 3 -1 22 -1 22 -1 22 0 3 -1 3 -1 22 -1 22 -1 
22 -1 22 -1 22 -1 22 -1 22 -1 40 -1 40 -1 40 -1 22 -1 22 -1 22 -1 22 -1 22 0 22 -1 3 -1 3 -1 22 -1 22 -1 22 -1 22 -1 40 -1 40 -1 40 -1 40 -1 40 -1 40 -1 40 -1 40 -1 40 -1 40 -1 40 -1 22 -1 22 -1 22 -1 22 -1 22 -1 22 -1 22 -1 22 -1 22 -1 22 -1 22 -1 22 -1 22 -1 22 -1 22 -1 22 -1 22 -1 3 -1 3 -1 22 -1 22 -1 
22 -1 22 -1 22 -1 22 -1 22 -1 22 -1 40 -1 40 -1 22 -1 22 -1 22 -1 22 0 22 -1 22 -1 3 -1 3 -1 22 -1 22 -1 22 -1 22 -1 22 -1 22 -1 22 -1 22 -1 22 -1 22 -1 22 -1 22 -1 22 -1 22 -1 22 -1 22 -1 22 -1 22 -1 22 -1 22 -1 22 -1 22 -1 22 -1 22 -1 22 0 22 -1 22 -1 22 -1 22 -1 22 -1 22 -1 22 -1 3 -1 3 -1 22 -1 22 -1 
22 -1 22 -1 22 -1 22 -1 22 -1 22 -1 40 -1 40 -1 22 -1 22 -1 22 -1 22 0 22 -1 22 -1 3 -1 3 -1 22 -1 22 -1 22 0 22 -1 22 -1 22 -1 22 -1 22 -1 22 -1 22 -1 22 0 22 -1 22 -1 22 -1 22 -1 22 -1 22 -1 22 -1 22 -1 22 -1 22 -1 22 -1 22 -1 22 -1 22 -1 22 -1 22 -1 22 -1 22 -1 22 -1 22 -1 3 -1 3 -1 3 -1 22 -1 22 -1 
22 -1 22 -1 22 -1 22 0 22 -1 22 -1 22 -1 22 -1 22 -1 22 -1 22 -1 22 0 22 -1 22 -1 22 -1 3 -1 3 -1 22 -1 22 -1 22 -1 22 -1 22 -1 22 -1 22 -1 22 -1 22 -1 22 -1 3 -1 3 -1 3 -1 3 -1 22 -1 22 -1 22 -1 22 -1 22 -1 22 0 22 -1 22 -1 22 -1 22 -1 22 -1 22 -1 22 -1 22 -1 22 -1 22 -1 3 -1 3 -1 22 -1 22 -1 22 -1 
22 -1 22 -1 22 -1 22 0 22 -1 22 -1 22 -1 22 -1 22 -1 22 -1 22 0 22 -1 22 -1 22 -1 22 -1 3 -1 3 -1 22 -1 22 -1 22 -1 22 0 22 0 22 -1 22 -1 22 -1 22 -1 22 -1 3 -1 3 -1 3 -1 3 -1 3 -1 22 0 22 -1 22 -1 22 -1 22 0 22 -1 22 -1 22 -1 22 -1 22 -1 22 0 22 -1 22 -1 22 -1 3 -1 3 -1 3 -1 22 -1 22 -1 22 -1 
22 -1 22 -1 22 -1 22 0 22 -1 22 -1 22 -1 22 -1 22 -1 22 -1 22 -1 22 -1 22 -1 22 -1 22 0 3 -1 3 -1 22 -1 22 -1 22 -1 22 -1 22 0 22 -1 22 -1 22 -1 22 0 22 -1 3 -1 3 -1 3 -1 3 -1 22 -1 22 -1 22 -1 22 -1 22 0 22 -1 22 -1 22 -1 22 -1 22 -1 22 -1 22 -1 22 -1 22 -1 22 -1 3 -1 3 -1 22 -1 22 -1 22 -1 22 -1 
22 -1 22 -1 22 -1 22 0 22 -1 22 -1 22 -1 22 -1 22 -1 22 -1 22 -1 22 -1 22 -1 22 -1 22 -1 22 -1 3 -1 3 -1 22 -1 22 -1 22 -1 22 0 22 -1 22 -1 22 -1 22 -1 22 -1 22 -1 22 -1 22 -1 22 -1 22 -1 22 -1 22 -1 22 -1 22 -1 22 -1 22 -1 22 -1 22 0 22 -1 22 -1 22 -1 22 -1 22 -1 3 -1 3 -1 3 -1 22 -1 22 -1 22 -1 22 -1 
22 -1 22 -1 22 0 22 -1 22 -1 22 -1 40 -1 40 -1 40 -1 40 -1 40 -1 22 -1 22 -1 22 -1 22 -1 22 -1 3 -1 3 -1 22 -1 22 -1 22 -1 22 -1 22 -1 22 -1 22 -1 22 0 22 -1 22 -1 22 -1 22 -1 22 -1 22 -1 22 -1 22 -1 22 -1 22 -1 22 -1 22 -1 22 0 22 0 22 -1 22 -1 22 -1 22 -1 3 -1 3 -1 3 -1 22 -1 22 -1 22 -1 22 -1 22 -1 
22 -1 22 -1 22 -1 22 -1 22 -1 40 -1 40 -1 40 -1 40 -1 40 -1 40 -1 40 -1 22 -1 22 -1 22 -1 22 -1 22 -1 3 -1 3 -1 22 -1 22 -1 22 -1 22 -1 22 -1 22 -1 22 -1 22 -1 22 -1 22 -1 22 -1 22 -1 22 -1 22 -1 22 -1 22 -1 22 -1 22 -1 22 0 22 0 22 -1 22 -1 22 -1 22 -1 3 -1 3 -1 3 -1 22 -1 22 -1 22 -1 22 0 22 -1 22 -1 
22 -1 22 -1 22 -1 22 -1 22 -1 40 -1 40 -1 40 -1 40 -1 40 -1 40 -1 40 -1 22 -1 22 -1 22 -1 22 -1 22 -1 22 -1 3 -1 3 -1 22 -1 22 -1 22 -1 22 -1 22 -1 22 -1 22 0 22 0 22 -1 22 -1 22 -1 22 -1 22 -1 22 -1 22 -1 22 -1 22 -1 22 -1 22 -1 22 -1 22 -1 22 -1 3 -1 3 -1 3 -1 3 -1 22 -1 22 -1 22 -1 22 -1 22 -1 22 -1 
22 -1 22 -1 22 -1 22 -1 22 -1 40 -1 40 -1 40 -1 40 -1 40 -1 40 -1 40 -1 22 -1 22 -1 22 -1 22 -1 22 -1 22 -1 3 -1 3 -1 3 -1 22 -1 22 -1 22 -1 22 0 22 -1 22 -1 22 -1 22 0 22 0 22 0 22 0 22 -1 3 -1 22 -1 22 -1 22 -1 22 -1 22 -1 22 -1 22 -1 3 -1 3 -1 3 -1 3 -1 22 -1 22 -1 22 -1 22 -1 22 0 22 -1 22 -1 
22 -1 22 -1 22 -1 22 -1 22 -1 22 -1 40 -1 40 -1 40 -1 40 -1 40 -1 40 -1 22 -1 22 -1 22 -1 22 -1 22 0 22 -1 22 -1 3 -1 3 -1 3 -1 3 -1 22 -1 22 -1 22 -1 22 -1 22 -1 22 -1 22 -1 3 -1 3 -1 3 -1 3 -1 3 -1 22 -1 22 -1 22 -1 22 -1 22 -1 3 -1 3 -1 3 -1 22 -1 22 -1 22 -1 22 -1 22 -1 22 -1 22 -1 22 -1 22 -1 
22 -1 22 -1 22 -1 22 -1 22 -1 22 -1 22 -1 40 -1 40 -1 40 -1 40 -1 40 -1 22 -1 22 -1 22 -1 22 -1 22 -1 22 -1 22 -1 22 -1 3 -1 3 -1 3 -1 3 -1 22 -1 3 -1 3 -1 3 -1 3 -1 3 -1 3 -1 3 -1 3 -1 3 -1 3 -1 3 -1 3 -1 3 -1 3 -1 3 -1 3 -1 22 -1 22 -1 22 -1 22 -1 22 -1 22 -1 22 0 22 -1 22 -1 22 -1 22 -1 
22 0 22 0 22 -1 22 -1 22 -1 22 -1 22 -1 22 -1 40 -1 22 -1 22 -1 22 -1 22 -1 22 0 22 0 22 0 22 0 22 -1 22 -1 22 -1 22 -1 3 -1 3 -1 3 -1 3 -1 3 -1 3 -1 3 -1 3 -1 3 -1 3 -1 3 -1 3 -1 3 -1 3 -1 3 -1 3 -1 22 -1 22 -1 22 0 22 -1 22 -1 22 -1 22 -1 22 -1 22 -1 22 -1 22 -1 22 -1 22 -1 22 0 22 -1 
22 -1 22 -1 22 -1 22 -1 22 -1 22 -1 22 -1 22 -1 22 -1 22 -1 22 -1 22 -1 22 -1 22 -1 22 -1 22 -1 22 0 22 -1 22 -1 22 -1 22 -1 22 -1 22 -1 22 -1 22 -1 22 -1 22 -1 22 -1 22 -1 22 -1 22 -1 22 -1 22 -1 22 -1 22 -1 22 -1 22 -1 22 -1 22 -1 22 -1 22 -1 22 -1 22 -1 22 -1 22 -1 22 -1 22 -1 22 -1 22 -1 22 -1 22 -1 22 -1 
