17 15 0 0
22 -1 22 -1 22 -1 22 -1 22 -1 22 -1 22 -1 22 -1 22 -1 22 -1 22 -1 22 -1 22 -1 22 -1 22 -1 22 -1 22 -1 
22 -1 22 -1 22 -1 22 -1 3 -1 3 -1 22 -1 22 -1 22 -1 22 -1 22 -1 22 -1 22 -1 22 -1 22 -1 22 -1 22 -1 
22 -1 22 -1 23 -1 3 -1 22 -1 22 -1 22 -1 22 -1 22 -1 22 -1 22 -1 22 -1 22 -1 22 -1 22 -1 22 -1 22 -1 
22 -1 22 -1 23 -1 3 -1 22 -1 22 -1 22 -1 22 -1 22 -1 22 0 22 -1 22 -1 22 -1 22 -1 22 -1 22 -1 22 -1 
22 -1 3 -1 3 -1 22 -1 22 -1 22 -1 22 -1 22 -1 22 -1 22 -1 22 0 22 -1 22 -1 22 -1 22 -1 22 -1 22 -1 
3 -1 22 -1 22 -1 22 -1 22 -1 22 1 22 -1 22 -1 22 -1 22 -1 22 -1 22 -1 22 -1 22 -1 22 -1 22 0 22 -1 
3 -1 22 -1 22 -1 22 -1 22 -1 22 -1 22 -1 22 -1 22 -1 22 -1 22 -1 22 0 22 -1 22 -1 22 -1 22 0 22 -1 
3 -1 22 -1 22 -1 22 -1 22 -1 22 -1 22 -1 22 -1 22 -1 22 -1 22 -1 22 -1 22 -1 22 -1 22 -1 22 -1 22 -1 
22 -1 3 -1 23 -1 22 -1 22 -1 22 -1 22 0 22 -1 22 -1 22 -1 22 -1 22 1 22 -1 22 -1 22 -1 22 -1 22 -1 
22 -1 3 -1 23 -1 22 -1 22 -1 22 -1 22 -1 22 -1 22 -1 22 -1 22 -1 22 -1 22 -1 22 -1 22 -1 22 -1 22 -1 
22 -1 22 -1 3 -1 23 -1 22 -1 22 -1 22 -1 22 -1 22 -1 22 -1 22 -1 22 -1 22 -1 22 -1 22 -1 22 0 22 -1 
22 -1 22 -1 3 -1 23 -1 23 -1 22 -1 22 -1 22 -1 22 -1 22 -1 23 -1 3 -1 22 -1 22 -1 22 -1 22 -1 22 -1 
22 -1 22 -1 22 -1 3 -1 3 -1 23 -1 22 -1 22 -1 22 -1 23 -1 3 -1 22 -1 22 -1 22 -1 22 -1 22 -1 22 -1 
22 -1 22 -1 22 -1 22 -1 22 -1 3 -1 22 -1 3 -1 3 -1 3 -1 22 -1 22 -1 22 -1 22 -1 22 -1 22 -1 22 -1 
22 -1 22 -1 36 -1 36 -1 36 -1 36 -1 3 -1 22 -1 22 -1 22 -1 22 -1 22 -1 22 -1 22 1 22 -1 22 -1 22 -1 
