40 40 0 0
29 -1 29 -1 29 -1 29 -1 29 -1 29 -1 29 -1 29 -1 29 -1 29 -1 29 -1 29 -1 29 -1 29 -1 29 -1 29 -1 29 -1 29 -1 29 -1 29 -1 29 -1 29 -1 29 -1 29 -1 29 -1 29 -1 29 -1 29 -1 29 -1 29 -1 29 -1 29 -1 29 -1 29 -1 29 -1 29 -1 29 -1 29 -1 29 19 29 -1 
29 -1 29 -1 29 19 29 -1 40 -1 40 -1 40 -1 40 -1 40 -1 40 -1 40 -1 40 -1 40 -1 40 -1 40 -1 40 -1 29 -1 29 -1 29 -1 29 -1 29 19 29 -1 29 -1 40 -1 40 -1 40 -1 40 -1 40 -1 40 -1 40 -1 40 -1 40 -1 40 -1 40 -1 40 -1 40 -1 40 -1 29 -1 29 -1 29 -1 
29 -1 40 -1 40 -1 40 -1 40 -1 40 -1 40 -1 40 -1 40 -1 40 -1 40 -1 40 -1 40 -1 40 -1 40 -1 40 -1 40 -1 40 -1 29 -1 29 -1 40 -1 40 -1 40 -1 40 -1 40 -1 40 -1 40 -1 40 -1 40 -1 40 -1 40 -1 40 -1 40 -1 40 -1 40 -1 40 -1 40 -1 29 -1 29 -1 29 -1 
29 -1 40 -1 40 -1 40 -1 40 -1 40 -1 40 -1 40 -1 40 -1 40 -1 40 -1 40 -1 40 -1 40 -1 40 -1 40 -1 40 -1 29 -1 29 -1 29 -1 40 -1 40 -1 40 -1 40 -1 40 -1 40 -1 40 -1 40 -1 40 -1 40 -1 40 -1 40 -1 40 -1 40 -1 40 -1 40 -1 40 -1 40 -1 29 -1 29 -1 
29 -1 40 -1 40 -1 40 -1 40 -1 40 -1 40 -1 40 -1 40 -1 40 -1 40 -1 40 -1 40 -1 40 -1 40 -1 40 -1 40 -1 29 19 29 -1 29 -1 40 -1 40 -1 40 -1 40 -1 40 -1 40 -1 40 -1 40 -1 40 -1 40 -1 40 -1 40 -1 40 -1 40 -1 40 -1 40 -1 40 -1 40 -1 40 -1 29 -1 
29 -1 40 -1 40 -1 40 -1 40 -1 40 -1 40 -1 40 -1 40 -1 40 -1 40 -1 40 -1 40 -1 40 -1 40 -1 40 -1 40 -1 29 -1 29 -1 29 -1 40 -1 40 -1 40 -1 40 -1 40 -1 40 -1 40 -1 40 -1 40 -1 40 -1 40 -1 40 -1 40 -1 40 -1 40 -1 40 -1 40 -1 40 -1 40 -1 29 -1 
29 -1 40 -1 40 -1 40 -1 40 -1 40 -1 40 -1 40 -1 40 -1 40 -1 40 -1 40 -1 40 -1 40 -1 40 -1 40 -1 40 -1 29 -1 29 -1 40 -1 40 -1 40 -1 40 -1 40 -1 40 -1 40 -1 40 -1 40 -1 40 -1 40 -1 40 -1 40 -1 40 -1 40 -1 40 -1 40 -1 40 -1 40 -1 40 -1 29 -1 
29 -1 40 -1 40 -1 40 -1 40 -1 40 -1 40 -1 40 -1 40 -1 40 -1 40 -1 40 -1 40 -1 40 -1 40 -1 40 -1 40 -1 29 -1 29 -1 40 -1 40 -1 40 -1 40 -1 40 -1 40 -1 40 -1 40 -1 40 -1 29 -1 29 -1 29 -1 29 -1 40 -1 40 -1 40 -1 40 -1 40 -1 40 -1 40 -1 29 -1 
29 -1 40 -1 40 -1 40 -1 40 -1 40 -1 40 -1 40 -1 40 -1 40 -1 40 -1 40 -1 40 -1 40 -1 40 -1 40 -1 40 -1 40 -1 29 -1 40 -1 40 -1 40 -1 40 -1 29 -1 29 -1 29 -1 29 -1 29 -1 29 -1 29 -1 29 -1 29 -1 40 -1 40 -1 40 -1 40 -1 40 -1 40 -1 40 -1 29 -1 
29 -1 40 -1 40 -1 40 -1 40 -1 40 -1 40 -1 40 -1 40 -1 40 -1 40 -1 40 -1 40 -1 40 -1 40 -1 40 -1 40 -1 40 -1 29 -1 40 -1 40 -1 40 -1 29 -1 29 -1 29 -1 29 -1 29 -1 40 -1 40 -1 40 -1 29 -1 29 -1 29 -1 40 -1 40 -1 40 -1 40 -1 40 -1 40 -1 29 -1 
29 -1 40 -1 40 -1 40 -1 40 -1 40 -1 40 -1 40 -1 40 -1 40 -1 40 -1 40 -1 40 -1 40 -1 40 -1 40 -1 40 -1 40 -1 29 -1 40 -1 40 -1 29 -1 29 -1 29 -1 29 -1 40 -1 40 -1 40 -1 40 -1 29 -1 29 -1 29 -1 29 -1 29 -1 40 -1 40 -1 40 -1 40 -1 40 -1 29 -1 
29 -1 40 -1 40 -1 40 -1 40 -1 40 -1 40 -1 40 -1 40 -1 40 -1 40 -1 40 -1 40 -1 40 -1 40 -1 40 -1 40 -1 29 -1 29 -1 40 -1 29 -1 29 -1 29 -1 40 -1 40 -1 40 -1 40 -1 40 -1 40 -1 8 -1 8 -1 8 -1 8 -1 8 -1 8 -1 40 -1 40 -1 40 -1 40 -1 29 -1 
29 -1 40 -1 40 -1 40 -1 40 -1 15 -1 15 -1 15 -1 15 -1 15 -1 15 -1 15 -1 40 -1 40 -1 40 -1 40 -1 40 -1 29 -1 29 -1 40 -1 29 -1 29 -1 40 -1 40 -1 40 -1 40 -1 40 -1 40 -1 40 -1 8 -1 8 -1 8 -1 8 -1 8 -1 8 -1 40 -1 40 -1 40 -1 40 -1 29 -1 
29 -1 40 -1 40 -1 40 -1 40 -1 15 -1 12 5 12 6 12 -1 12 -1 12 4 15 -1 40 -1 40 -1 40 -1 40 -1 40 -1 29 -1 29 -1 40 -1 29 -1 40 -1 40 -1 40 -1 40 -1 40 -1 40 -1 40 -1 40 -1 40 -1 8 -1 8 -1 8 -1 8 -1 40 -1 40 -1 40 -1 40 -1 40 -1 29 -1 
29 -1 40 -1 40 -1 40 -1 40 -1 15 -1 12 -1 12 -1 12 -1 12 -1 12 -1 15 -1 40 -1 40 -1 40 -1 40 -1 40 -1 29 -1 29 -1 29 -1 29 -1 40 -1 40 -1 40 -1 40 -1 40 -1 40 -1 40 -1 40 -1 40 -1 8 -1 8 -1 8 -1 40 -1 40 -1 40 -1 40 -1 40 -1 40 -1 29 -1 
29 -1 40 -1 40 -1 40 -1 40 -1 15 -1 12 -1 12 -1 12 -1 12 -1 12 -1 15 -1 40 -1 40 -1 40 -1 40 -1 40 -1 29 19 29 -1 29 19 29 -1 40 -1 40 -1 40 -1 40 -1 40 -1 40 -1 40 -1 40 -1 40 -1 40 -1 40 -1 40 -1 40 -1 40 -1 40 -1 40 -1 40 -1 40 -1 29 -1 
29 -1 40 -1 40 -1 40 -1 40 -1 15 -1 12 -1 12 -1 12 -1 12 -1 12 -1 15 -1 40 -1 40 -1 40 -1 40 -1 40 -1 29 19 29 -1 29 19 29 -1 29 -1 40 -1 40 -1 40 -1 40 -1 40 -1 40 -1 40 -1 40 -1 40 -1 40 -1 40 -1 40 -1 40 -1 40 -1 40 -1 40 -1 40 -1 29 -1 
29 -1 40 -1 40 -1 40 -1 40 -1 15 -1 12 -1 12 -1 12 -1 12 -1 12 -1 15 -1 40 -1 40 -1 40 -1 40 -1 29 -1 29 -1 29 -1 29 19 29 19 29 -1 40 -1 40 -1 40 -1 40 -1 40 -1 40 -1 40 -1 40 -1 40 -1 40 -1 40 -1 40 -1 40 -1 40 -1 40 -1 40 -1 40 -1 29 -1 
29 -1 29 -1 40 -1 40 -1 40 -1 15 -1 15 -1 15 -1 29 3 15 -1 15 -1 15 -1 40 -1 40 -1 40 -1 40 -1 29 -1 29 -1 29 -1 29 -1 29 -1 29 -1 29 -1 40 -1 40 -1 40 -1 40 -1 40 -1 40 -1 40 -1 40 -1 40 -1 40 -1 40 -1 40 -1 40 -1 40 -1 40 -1 40 -1 29 19 
29 -1 29 -1 29 -1 29 -1 40 -1 40 -1 40 -1 40 -1 29 -1 40 -1 40 -1 40 -1 40 -1 40 -1 40 -1 29 -1 29 -1 29 -1 29 -1 29 -1 29 19 29 19 29 -1 29 -1 40 -1 40 -1 40 -1 40 -1 40 -1 40 -1 40 -1 40 -1 40 -1 40 -1 40 -1 40 -1 40 -1 40 -1 40 -1 29 -1 
29 -1 29 -1 29 -1 29 -1 29 -1 40 -1 40 -1 40 -1 29 -1 40 -1 40 -1 29 -1 29 19 29 -1 29 -1 29 -1 29 -1 29 -1 29 -1 29 -1 29 -1 40 -1 29 -1 29 -1 29 -1 40 -1 40 -1 40 -1 40 -1 40 -1 40 -1 40 -1 29 -1 29 -1 29 -1 29 -1 40 -1 40 -1 40 -1 29 -1 
29 -1 29 -1 29 -1 29 -1 29 -1 29 -1 29 -1 29 -1 29 -1 29 -1 29 -1 29 -1 29 -1 29 -1 29 -1 29 -1 29 -1 29 19 29 19 29 -1 40 -1 40 -1 40 -1 29 -1 29 -1 29 -1 40 -1 40 -1 40 -1 40 -1 40 -1 29 -1 29 19 29 19 29 19 29 -1 40 -1 40 -1 40 -1 29 -1 
29 -1 29 -1 29 -1 29 -1 29 -1 40 -1 40 -1 40 -1 40 -1 40 -1 40 -1 40 -1 40 -1 40 -1 40 -1 40 -1 40 -1 40 -1 29 -1 29 -1 40 -1 40 -1 40 -1 29 -1 29 -1 29 -1 29 -1 40 -1 40 -1 40 -1 29 -1 29 -1 29 -1 29 -1 29 -1 29 -1 40 -1 40 -1 40 -1 29 -1 
29 -1 29 -1 29 -1 40 -1 40 -1 40 -1 40 -1 40 -1 40 -1 40 -1 40 -1 40 -1 40 -1 40 -1 40 -1 40 -1 40 -1 40 -1 40 -1 29 -1 29 -1 29 -1 40 -1 40 -1 40 -1 29 -1 29 -1 29 -1 40 -1 40 -1 29 -1 29 -1 29 -1 29 -1 29 -1 40 -1 40 -1 40 -1 40 -1 29 -1 
29 -1 29 19 29 -1 40 -1 40 -1 40 -1 40 -1 40 -1 40 -1 40 -1 40 -1 40 -1 40 -1 40 -1 40 -1 40 -1 40 -1 40 -1 40 -1 40 -1 29 -1 29 -1 40 -1 40 -1 40 -1 40 -1 29 -1 29 19 40 -1 40 -1 29 -1 29 -1 29 -1 29 -1 40 -1 40 -1 40 -1 40 -1 40 -1 29 -1 
29 -1 29 -1 29 -1 40 -1 40 -1 40 -1 40 -1 40 -1 40 -1 40 -1 40 -1 40 -1 40 -1 40 -1 40 -1 40 -1 40 -1 40 -1 40 -1 40 -1 29 -1 29 -1 29 -1 40 -1 40 -1 40 -1 29 -1 29 -1 29 -1 29 -1 29 -1 40 -1 40 -1 40 -1 40 -1 40 -1 40 -1 40 -1 40 -1 29 -1 
29 -1 29 -1 40 -1 40 -1 40 -1 40 -1 40 -1 40 -1 40 -1 40 -1 40 -1 40 -1 40 -1 40 -1 40 -1 40 -1 40 -1 40 -1 40 -1 40 -1 40 -1 40 -1 29 -1 29 -1 40 -1 40 -1 40 -1 29 -1 29 -1 29 -1 40 -1 40 -1 40 -1 40 -1 40 -1 40 -1 40 -1 40 -1 40 -1 29 -1 
29 -1 29 -1 40 -1 40 -1 40 -1 40 -1 40 -1 40 -1 40 -1 40 -1 40 -1 40 -1 40 -1 40 -1 40 -1 40 -1 40 -1 40 -1 40 -1 40 -1 40 -1 40 -1 29 -1 29 -1 40 -1 40 -1 40 -1 40 -1 29 -1 29 -1 29 -1 40 -1 40 -1 40 -1 40 -1 40 -1 40 -1 40 -1 40 -1 29 -1 
29 -1 29 -1 40 -1 40 -1 40 -1 40 -1 40 -1 40 -1 40 -1 40 -1 40 -1 40 -1 40 -1 40 -1 40 -1 40 -1 40 -1 40 -1 40 -1 40 -1 40 -1 40 -1 40 -1 29 -1 40 -1 40 -1 40 -1 40 -1 29 -1 29 -1 29 -1 29 -1 40 -1 40 -1 40 -1 40 -1 40 -1 40 -1 40 -1 29 -1 
29 -1 40 -1 40 -1 40 -1 40 -1 40 -1 40 -1 40 -1 40 -1 40 -1 40 -1 40 -1 40 -1 40 -1 40 -1 40 -1 40 -1 40 -1 40 -1 40 -1 40 -1 40 -1 29 -1 29 -1 40 -1 40 -1 40 -1 40 -1 40 -1 29 -1 29 -1 29 -1 29 -1 40 -1 40 -1 40 -1 40 -1 40 -1 40 -1 29 -1 
29 -1 40 -1 40 -1 40 -1 40 -1 40 -1 40 -1 40 -1 40 -1 40 -1 8 -1 8 -1 8 -1 8 -1 29 -1 29 -1 29 -1 40 -1 40 -1 40 -1 40 -1 29 -1 29 -1 29 -1 40 -1 40 -1 40 -1 40 -1 40 -1 40 -1 40 -1 29 19 29 -1 29 -1 40 -1 40 -1 40 -1 40 -1 40 -1 29 -1 
29 -1 40 -1 40 -1 40 -1 40 -1 40 -1 40 -1 40 -1 40 -1 40 -1 8 -1 8 -1 8 -1 8 -1 8 -1 29 -1 29 -1 29 -1 29 -1 29 -1 29 -1 29 -1 29 -1 40 -1 40 -1 40 -1 40 -1 40 -1 40 -1 40 -1 40 -1 40 -1 29 -1 29 -1 29 -1 40 -1 40 -1 40 -1 40 -1 29 -1 
29 -1 40 -1 40 -1 40 -1 40 -1 40 -1 40 -1 40 -1 40 -1 40 -1 8 -1 8 -1 8 -1 8 -1 8 -1 29 -1 29 -1 29 -1 29 -1 29 -1 29 -1 29 -1 40 -1 40 -1 40 -1 40 -1 40 -1 40 -1 40 -1 40 -1 40 -1 40 -1 40 -1 29 -1 29 -1 29 -1 29 -1 40 -1 40 -1 29 -1 
29 -1 40 -1 40 -1 40 -1 40 -1 40 -1 40 -1 40 -1 40 -1 40 -1 8 -1 8 -1 8 -1 8 -1 8 -1 29 -1 29 -1 29 -1 29 -1 40 -1 40 -1 40 -1 40 -1 40 -1 40 -1 40 -1 40 -1 40 -1 40 -1 40 -1 40 -1 40 -1 40 -1 40 -1 29 -1 29 -1 29 -1 29 -1 40 -1 29 -1 
29 -1 40 -1 40 -1 40 -1 40 -1 40 -1 40 -1 40 -1 40 -1 40 -1 40 -1 8 -1 8 -1 8 -1 8 -1 40 -1 40 -1 40 -1 40 -1 40 -1 40 -1 40 -1 40 -1 40 -1 40 -1 40 -1 40 -1 40 -1 40 -1 40 -1 40 -1 40 -1 40 -1 40 -1 40 -1 29 -1 29 -1 29 -1 40 -1 29 -1 
29 -1 40 -1 40 -1 40 -1 40 -1 40 -1 40 -1 40 -1 40 -1 40 -1 40 -1 40 -1 40 -1 40 -1 40 -1 40 -1 40 -1 40 -1 40 -1 40 -1 40 -1 40 -1 40 -1 40 -1 40 -1 40 -1 40 -1 40 -1 40 -1 40 -1 40 -1 40 -1 40 -1 40 -1 40 -1 40 -1 29 -1 29 -1 29 -1 29 -1 
29 -1 29 -1 40 -1 40 -1 40 -1 40 -1 40 -1 40 -1 40 -1 40 -1 40 -1 40 -1 40 -1 40 -1 40 -1 40 -1 40 -1 40 -1 40 -1 40 -1 40 -1 40 -1 40 -1 40 -1 40 -1 40 -1 40 -1 40 -1 40 -1 40 -1 40 -1 40 -1 40 -1 40 -1 40 -1 40 -1 40 -1 29 -1 29 -1 29 19 
29 19 29 -1 29 -1 40 -1 40 -1 40 -1 40 -1 40 -1 40 -1 40 -1 40 -1 40 -1 40 -1 40 -1 40 -1 40 -1 40 -1 40 -1 40 -1 40 -1 40 -1 40 -1 40 -1 40 -1 40 -1 40 -1 40 -1 40 -1 40 -1 40 -1 40 -1 40 -1 40 -1 40 -1 40 -1 40 -1 40 -1 29 -1 29 -1 29 -1 
29 -1 29 -1 29 -1 29 -1 29 -1 40 -1 40 -1 40 -1 40 -1 40 -1 40 -1 40 -1 40 -1 40 -1 40 -1 40 -1 40 -1 40 -1 40 -1 40 -1 40 -1 40 -1 40 -1 40 -1 40 -1 40 -1 40 -1 40 -1 40 -1 40 -1 40 -1 40 -1 40 -1 40 -1 40 -1 40 -1 29 -1 29 -1 29 -1 29 -1 
29 -1 29 -1 29 -1 29 -1 29 -1 29 -1 29 -1 29 -1 29 19 29 -1 29 -1 29 -1 29 -1 29 -1 29 -1 29 -1 29 -1 29 -1 29 -1 29 -1 29 -1 29 19 29 -1 29 -1 29 -1 29 -1 29 -1 29 -1 29 -1 29 -1 29 -1 29 -1 29 19 29 -1 29 -1 29 -1 29 -1 29 -1 29 -1 29 -1 
