40 40 0 0
22 -1 22 -1 22 -1 22 -1 22 -1 22 -1 22 -1 22 -1 22 -1 22 -1 22 0 22 -1 22 -1 22 -1 22 -1 22 -1 22 -1 22 -1 22 -1 22 -1 22 -1 22 -1 22 -1 22 -1 22 -1 22 -1 22 -1 22 -1 22 -1 22 -1 22 -1 22 -1 22 -1 22 -1 22 -1 3 -1 3 -1 22 -1 22 -1 22 -1 
22 -1 22 -1 22 0 22 -1 22 -1 22 -1 22 -1 22 -1 22 -1 22 0 22 0 22 -1 22 -1 22 -1 22 -1 22 0 22 0 22 0 22 -1 22 -1 22 -1 22 -1 22 -1 22 -1 22 -1 22 0 22 0 22 0 22 0 22 -1 22 -1 22 -1 22 -1 22 -1 22 -1 3 -1 3 -1 22 -1 22 -1 22 -1 
22 -1 22 -1 22 -1 22 -1 22 -1 22 -1 22 -1 22 -1 22 -1 22 -1 22 -1 22 -1 22 -1 22 -1 22 -1 22 -1 22 -1 22 -1 22 0 22 -1 22 -1 22 -1 22 -1 22 0 22 0 22 -1 22 -1 22 -1 22 -1 22 -1 22 0 22 0 22 0 22 0 22 -1 22 -1 3 -1 3 -1 22 -1 22 -1 
22 -1 22 -1 22 -1 22 -1 40 -1 40 -1 40 -1 40 -1 40 -1 40 -1 40 -1 22 -1 22 -1 22 -1 22 -1 22 -1 22 -1 22 -1 22 -1 22 -1 22 -1 22 -1 22 -1 22 -1 22 -1 22 -1 22 -1 22 -1 22 -1 22 -1 22 -1 22 -1 22 -1 22 -1 22 -1 22 -1 22 -1 3 -1 22 -1 22 -1 
22 -1 22 -1 22 -1 40 -1 40 -1 40 -1 40 -1 40 -1 40 -1 40 -1 40 -1 40 -1 40 -1 40 -1 40 -1 40 -1 40 -1 22 -1 22 -1 22 -1 22 -1 22 -1 22 -1 22 -1 40 -1 40 -1 40 -1 40 -1 40 -1 40 -1 40 -1 40 -1 40 -1 22 -1 22 -1 22 -1 22 -1 3 -1 3 -1 22 -1 
22 -1 22 -1 40 -1 40 -1 40 -1 40 -1 40 -1 40 -1 40 -1 40 -1 40 -1 40 -1 40 -1 40 -1 40 -1 40 -1 40 -1 40 -1 40 -1 40 -1 40 -1 40 -1 40 -1 40 -1 40 -1 40 -1 40 -1 40 -1 40 -1 40 -1 40 -1 40 -1 40 -1 40 -1 40 -1 22 -1 22 -1 22 -1 3 -1 22 -1 
22 -1 22 -1 40 -1 40 -1 40 -1 40 -1 22 -1 22 -1 22 -1 22 -1 22 -1 22 -1 22 -1 22 -1 22 -1 22 -1 22 -1 22 -1 22 -1 40 -1 40 -1 40 -1 40 -1 40 -1 40 -1 40 -1 40 -1 22 -1 22 -1 22 -1 40 -1 40 -1 40 -1 40 -1 40 -1 40 -1 22 -1 22 -1 3 -1 22 -1 
22 -1 22 -1 40 -1 40 -1 40 -1 40 -1 22 -1 22 -1 22 -1 22 -1 22 -1 22 -1 22 -1 22 -1 22 -1 22 -1 22 -1 22 -1 22 -1 22 -1 22 -1 22 -1 40 -1 40 -1 40 -1 40 -1 22 -1 22 -1 22 -1 22 -1 22 -1 40 -1 40 -1 40 -1 40 -1 40 -1 22 -1 22 -1 3 -1 3 -1 
22 -1 22 -1 40 -1 40 -1 40 -1 40 -1 22 -1 22 -1 40 -1 40 -1 22 -1 40 -1 40 -1 40 -1 40 -1 40 -1 40 -1 40 -1 40 -1 40 -1 40 -1 22 -1 22 -1 40 -1 40 -1 40 -1 40 -1 40 -1 40 -1 22 -1 22 -1 40 -1 40 -1 40 -1 40 -1 40 -1 22 -1 22 -1 22 -1 3 -1 
22 -1 22 -1 40 -1 40 -1 40 -1 40 -1 22 -1 40 -1 40 -1 40 -1 22 -1 40 -1 40 -1 40 -1 40 -1 40 -1 40 -1 40 -1 40 -1 40 -1 40 -1 40 -1 40 -1 22 -1 40 -1 40 -1 40 -1 40 -1 40 -1 40 -1 22 -1 22 -1 40 -1 40 -1 40 -1 40 -1 22 -1 22 -1 22 -1 3 -1 
22 -1 22 -1 40 -1 40 -1 40 -1 40 -1 22 -1 40 -1 40 -1 40 -1 22 -1 40 -1 40 -1 40 -1 22 -1 22 -1 22 -1 22 -1 22 -1 22 -1 22 -1 22 -1 22 -1 22 -1 22 -1 40 -1 40 -1 40 -1 40 -1 40 -1 40 -1 22 -1 40 -1 40 -1 40 -1 40 -1 22 -1 22 -1 22 -1 3 -1 
22 -1 22 -1 40 -1 40 -1 40 -1 40 -1 22 -1 40 -1 40 -1 40 -1 22 -1 40 -1 40 -1 22 -1 22 -1 40 -1 40 -1 40 -1 40 -1 22 -1 22 -1 22 -1 22 -1 22 -1 22 -1 40 -1 40 -1 40 -1 40 -1 40 -1 22 -1 22 -1 40 -1 40 -1 40 -1 40 -1 22 -1 22 -1 22 -1 3 -1 
22 -1 22 -1 22 -1 40 -1 40 -1 40 -1 40 -1 40 -1 40 -1 40 -1 22 -1 40 -1 40 -1 22 -1 40 -1 40 -1 40 -1 40 -1 40 -1 40 -1 40 -1 40 -1 22 -1 22 -1 22 -1 22 -1 40 -1 40 -1 40 -1 22 -1 22 -1 22 -1 40 -1 40 -1 40 -1 40 -1 22 -1 22 -1 22 -1 3 -1 
3 -1 22 0 22 -1 22 -1 22 -1 40 -1 40 -1 40 -1 40 -1 40 -1 22 -1 40 -1 40 -1 22 -1 40 -1 40 -1 40 -1 40 -1 40 -1 40 -1 40 -1 40 -1 40 -1 40 -1 22 -1 22 -1 40 -1 40 -1 22 -1 22 -1 40 -1 22 -1 22 -1 40 -1 40 -1 40 -1 22 -1 22 -1 22 -1 3 -1 
3 -1 22 0 22 0 22 -1 22 -1 40 -1 40 -1 40 -1 40 -1 40 -1 40 -1 40 -1 40 -1 22 -1 40 -1 40 -1 40 -1 40 -1 40 -1 40 -1 40 -1 40 -1 40 -1 40 -1 40 -1 22 -1 22 -1 22 -1 22 -1 40 -1 40 -1 40 -1 22 -1 22 -1 40 -1 40 -1 22 -1 22 -1 22 -1 3 -1 
3 -1 22 -1 22 -1 22 -1 22 -1 40 -1 40 -1 40 -1 40 -1 40 -1 40 -1 40 -1 40 -1 22 -1 40 -1 40 -1 40 -1 40 -1 40 -1 40 -1 40 -1 40 -1 40 -1 40 -1 40 -1 22 -1 22 -1 40 -1 40 -1 40 -1 40 -1 40 -1 40 -1 22 -1 40 -1 40 -1 22 -1 22 -1 22 -1 3 -1 
3 -1 22 -1 22 -1 22 -1 22 -1 40 -1 40 -1 40 -1 40 -1 40 -1 40 -1 40 -1 40 -1 22 -1 40 -1 40 -1 40 -1 40 -1 40 -1 40 -1 40 -1 40 -1 40 -1 40 -1 40 -1 22 -1 22 -1 40 -1 40 -1 40 -1 40 -1 40 -1 22 -1 22 -1 40 -1 40 -1 22 -1 22 -1 22 -1 3 -1 
3 -1 3 -1 22 0 22 -1 22 -1 40 -1 40 -1 40 -1 40 -1 40 -1 40 -1 40 -1 40 -1 22 -1 40 -1 40 -1 40 -1 40 -1 40 -1 40 -1 40 -1 40 -1 40 -1 40 -1 40 -1 22 -1 22 -1 40 -1 40 -1 40 -1 40 -1 22 -1 22 -1 40 -1 40 -1 40 -1 22 -1 22 -1 22 -1 3 -1 
3 -1 3 -1 22 -1 22 -1 22 -1 40 -1 40 -1 40 -1 22 -1 22 -1 40 -1 40 -1 40 -1 22 -1 40 -1 40 -1 40 -1 40 -1 40 -1 40 -1 40 -1 40 -1 40 -1 40 -1 40 -1 22 -1 22 -1 40 -1 40 -1 40 -1 22 -1 22 -1 40 -1 40 -1 40 -1 40 -1 22 -1 22 -1 3 -1 3 -1 
22 -1 3 -1 22 -1 22 -1 22 -1 40 -1 40 -1 40 -1 40 -1 22 -1 22 -1 22 -1 22 -1 22 -1 22 -1 22 -1 22 -1 40 -1 40 -1 40 -1 40 -1 40 -1 40 -1 40 -1 40 -1 22 -1 22 -1 40 -1 40 -1 40 -1 40 -1 40 -1 40 -1 40 -1 40 -1 22 -1 22 -1 22 -1 3 -1 3 -1 
22 -1 3 -1 22 -1 22 -1 22 -1 22 -1 22 -1 40 -1 40 -1 40 -1 40 -1 40 -1 40 -1 40 -1 40 -1 40 -1 22 -1 40 -1 40 -1 22 -1 22 -1 22 -1 22 -1 22 -1 22 0 22 0 22 0 22 0 22 0 22 0 22 -1 22 -1 22 -1 22 -1 22 -1 22 -1 22 -1 22 -1 3 -1 22 -1 
22 -1 3 -1 3 -1 22 -1 22 0 22 -1 22 -1 40 -1 40 -1 40 -1 40 -1 40 -1 40 -1 40 -1 40 -1 40 -1 22 -1 40 -1 40 -1 22 -1 22 -1 22 -1 22 -1 22 -1 22 -1 22 -1 22 -1 22 -1 22 -1 22 -1 22 -1 22 -1 22 -1 22 -1 22 -1 22 -1 22 -1 3 -1 3 -1 22 -1 
22 -1 3 -1 3 -1 22 -1 22 -1 22 -1 22 -1 40 -1 40 -1 40 -1 22 -1 22 -1 22 -1 22 -1 22 -1 40 -1 22 -1 40 -1 40 -1 22 -1 22 -1 22 -1 22 -1 22 0 22 0 22 -1 22 -1 22 -1 22 -1 22 -1 22 -1 22 -1 22 -1 22 -1 22 -1 22 -1 22 -1 3 -1 3 -1 22 -1 
22 -1 3 -1 3 -1 22 -1 22 -1 22 -1 22 -1 40 -1 40 -1 40 -1 22 -1 22 -1 22 -1 22 -1 22 -1 22 -1 22 -1 40 -1 40 -1 22 -1 22 -1 22 -1 22 0 22 -1 22 -1 22 -1 22 -1 22 -1 22 -1 22 -1 22 -1 22 -1 22 -1 22 -1 22 -1 22 -1 22 -1 3 -1 3 -1 22 -1 
22 -1 3 -1 3 -1 22 -1 22 -1 22 -1 22 -1 40 -1 40 -1 40 -1 40 -1 40 -1 40 -1 40 -1 40 -1 40 -1 40 -1 40 -1 40 -1 22 -1 22 -1 22 -1 22 -1 22 -1 22 -1 22 -1 22 -1 22 -1 22 -1 22 -1 22 -1 22 -1 22 -1 22 -1 22 -1 22 0 3 -1 3 -1 22 -1 22 -1 
22 -1 22 -1 3 -1 3 -1 22 -1 22 -1 22 -1 22 -1 40 -1 40 -1 40 -1 40 -1 40 -1 40 -1 40 -1 40 -1 40 -1 40 -1 40 -1 22 -1 22 -1 22 -1 22 -1 22 -1 22 -1 22 -1 22 -1 22 -1 22 -1 22 -1 22 -1 22 -1 22 -1 22 -1 22 -1 22 -1 3 -1 3 -1 22 -1 22 -1 
22 -1 22 -1 3 -1 3 -1 22 -1 22 -1 22 -1 22 -1 22 -1 22 -1 22 -1 22 -1 22 -1 22 -1 22 -1 22 -1 22 -1 22 -1 22 -1 22 -1 22 -1 22 -1 22 -1 22 -1 22 -1 22 -1 22 -1 22 -1 22 0 22 -1 22 -1 22 -1 22 -1 22 -1 22 -1 22 -1 3 -1 3 -1 22 -1 22 -1 
22 -1 22 -1 3 -1 3 -1 22 -1 22 -1 22 0 22 -1 22 -1 22 -1 22 -1 22 -1 22 -1 22 -1 22 0 22 -1 22 -1 22 -1 22 -1 22 -1 22 -1 22 -1 22 -1 22 -1 22 -1 22 -1 22 -1 22 -1 22 -1 22 -1 22 -1 22 -1 22 -1 22 -1 22 -1 3 -1 3 -1 3 -1 22 -1 22 -1 
22 -1 22 -1 22 -1 3 -1 3 -1 22 -1 22 -1 22 -1 22 -1 22 -1 22 -1 22 -1 22 -1 22 -1 22 -1 22 -1 22 -1 22 -1 22 -1 22 -1 22 -1 22 -1 22 -1 22 -1 22 0 22 -1 22 -1 22 -1 22 -1 22 -1 22 -1 22 -1 22 -1 22 -1 22 -1 3 -1 3 -1 22 -1 22 -1 22 -1 
22 -1 22 -1 22 -1 3 -1 3 -1 22 -1 22 -1 22 -1 22 0 22 0 22 -1 22 -1 22 -1 22 -1 22 -1 22 -1 22 -1 22 -1 22 -1 22 -1 22 0 22 -1 22 -1 22 -1 22 0 22 -1 22 -1 22 -1 22 -1 22 -1 22 0 22 -1 22 -1 22 -1 3 -1 3 -1 3 -1 22 -1 22 -1 22 -1 
22 -1 22 -1 22 0 3 -1 3 -1 22 -1 22 -1 22 -1 22 -1 22 0 22 -1 22 -1 22 -1 22 0 22 -1 22 -1 22 -1 22 -1 22 -1 22 -1 22 -1 22 -1 22 -1 22 0 22 -1 22 -1 22 -1 22 -1 22 -1 22 -1 22 -1 22 -1 22 -1 22 -1 3 -1 3 -1 22 -1 22 -1 22 -1 22 -1 
22 -1 22 -1 22 -1 22 -1 3 -1 3 -1 22 -1 22 -1 22 -1 22 0 22 -1 22 -1 22 -1 22 -1 22 -1 22 -1 22 -1 22 -1 22 -1 22 -1 22 -1 22 -1 22 -1 22 -1 22 -1 22 -1 22 -1 22 0 22 -1 22 -1 22 -1 22 -1 22 -1 3 -1 3 -1 3 -1 22 -1 22 -1 22 -1 22 -1 
22 -1 22 -1 22 -1 22 -1 3 -1 3 -1 22 -1 22 -1 22 -1 22 -1 22 -1 22 -1 22 -1 22 0 22 -1 22 -1 22 -1 22 -1 22 -1 22 -1 22 -1 22 -1 22 -1 22 -1 22 -1 22 -1 22 0 22 0 22 -1 22 -1 22 -1 22 -1 3 -1 3 -1 3 -1 22 -1 22 -1 22 -1 22 -1 22 -1 
22 -1 22 -1 22 -1 22 -1 22 -1 3 -1 3 -1 22 -1 22 -1 22 -1 22 -1 22 -1 22 -1 22 -1 22 -1 22 -1 22 -1 22 -1 22 -1 22 -1 22 -1 22 -1 22 -1 22 -1 22 -1 22 0 22 0 22 -1 22 -1 22 -1 22 -1 3 -1 3 -1 3 -1 22 -1 22 -1 22 -1 22 0 22 -1 22 -1 
22 -1 22 -1 22 -1 22 -1 22 -1 22 -1 3 -1 3 -1 22 -1 22 -1 22 -1 22 -1 22 -1 22 -1 22 0 22 0 22 -1 22 -1 22 -1 22 -1 22 -1 22 -1 22 -1 22 -1 22 -1 22 -1 22 -1 22 -1 22 -1 22 -1 3 -1 3 -1 3 -1 3 -1 22 -1 22 -1 22 -1 22 -1 22 -1 22 -1 
22 -1 22 -1 22 -1 22 -1 22 -1 22 -1 3 -1 3 -1 3 -1 22 -1 22 -1 22 -1 22 0 22 -1 22 -1 22 -1 22 0 22 0 22 0 22 0 22 -1 22 -1 22 -1 22 -1 22 -1 22 -1 22 -1 22 -1 22 -1 3 -1 3 -1 3 -1 3 -1 22 -1 22 -1 22 -1 22 -1 22 0 22 -1 22 -1 
22 -1 22 -1 22 -1 22 -1 22 0 22 -1 22 -1 3 -1 3 -1 3 -1 3 -1 22 -1 22 -1 22 -1 22 -1 22 -1 22 -1 22 -1 22 -1 22 -1 22 -1 22 -1 22 -1 22 -1 22 -1 22 -1 22 -1 22 -1 3 -1 3 -1 3 -1 22 -1 22 -1 22 -1 22 -1 22 -1 22 -1 22 -1 22 -1 22 -1 
22 -1 22 -1 22 -1 22 -1 22 -1 22 -1 22 -1 22 -1 3 -1 3 -1 3 -1 3 -1 22 -1 3 -1 3 -1 3 -1 3 -1 3 -1 3 -1 3 -1 3 -1 3 -1 3 -1 3 -1 3 -1 3 -1 3 -1 3 -1 3 -1 22 -1 22 -1 22 -1 22 -1 22 -1 22 -1 22 0 22 -1 22 -1 22 -1 22 -1 
22 -1 22 -1 22 -1 22 -1 22 -1 22 -1 22 -1 22 -1 22 -1 3 -1 3 -1 3 -1 3 -1 3 -1 3 -1 3 -1 3 -1 3 -1 3 -1 3 -1 3 -1 3 -1 3 -1 3 -1 3 -1 22 -1 22 -1 22 0 22 -1 22 -1 22 -1 22 -1 22 -1 22 -1 22 -1 22 -1 22 -1 22 -1 22 0 22 -1 
22 -1 22 -1 22 -1 22 -1 22 -1 22 -1 22 -1 22 -1 22 -1 22 -1 22 -1 22 -1 22 -1 22 -1 22 -1 22 -1 22 -1 22 -1 22 -1 22 -1 22 -1 22 -1 22 -1 22 -1 22 -1 22 -1 22 -1 22 -1 22 -1 22 -1 22 -1 22 -1 22 -1 22 -1 22 -1 22 -1 22 -1 22 -1 22 -1 22 -1 
