41 31 -1 9
40 -1 40 -1 40 -1 40 -1 40 -1 40 -1 40 -1 40 -1 40 -1 40 -1 40 -1 40 -1 40 -1 40 -1 40 -1 40 -1 40 -1 40 -1 40 -1 40 -1 40 -1 40 -1 40 -1 40 -1 40 -1 40 -1 40 -1 40 -1 40 -1 40 -1 40 -1 40 -1 40 -1 40 -1 40 -1 29 -1 29 -1 29 -1 40 -1 40 -1 40 -1 
40 -1 40 -1 40 -1 40 -1 40 -1 40 -1 40 -1 40 -1 40 -1 40 -1 40 -1 40 -1 40 -1 40 -1 40 -1 40 -1 40 -1 40 -1 40 -1 40 -1 40 -1 40 -1 40 -1 40 -1 40 -1 40 -1 40 -1 40 -1 40 -1 40 -1 40 -1 40 -1 40 -1 40 -1 40 -1 29 -1 29 -1 29 -1 40 -1 40 -1 40 -1 
29 -1 40 -1 40 -1 40 -1 40 -1 40 -1 40 -1 40 -1 40 -1 40 -1 40 -1 40 -1 40 -1 40 -1 40 -1 40 -1 40 -1 40 -1 40 -1 40 -1 40 -1 40 -1 40 -1 40 -1 40 -1 40 -1 40 -1 40 -1 40 -1 40 -1 40 -1 40 -1 40 -1 40 -1 40 -1 29 -1 29 -1 29 -1 40 -1 40 -1 40 -1 
29 -1 29 -1 40 -1 40 -1 40 -1 40 -1 40 -1 40 -1 40 -1 40 -1 40 -1 40 -1 40 -1 40 -1 40 -1 40 -1 40 -1 40 -1 40 -1 40 -1 40 -1 40 -1 40 -1 40 -1 40 -1 40 -1 40 -1 40 -1 40 -1 40 -1 40 -1 40 -1 40 -1 40 -1 29 -1 29 -1 29 -1 29 -1 40 -1 40 -1 40 -1 
29 -1 29 -1 40 -1 40 -1 40 -1 40 -1 40 -1 40 -1 40 -1 40 -1 40 -1 29 -1 29 -1 29 -1 29 -1 29 -1 40 -1 40 -1 40 -1 40 -1 40 -1 40 -1 40 -1 40 -1 40 -1 40 -1 40 -1 40 -1 40 -1 40 -1 40 -1 40 -1 40 -1 40 -1 29 -1 29 -1 29 -1 40 -1 40 -1 40 -1 40 -1 
29 -1 29 -1 29 -1 29 -1 29 -1 29 -1 29 -1 29 -1 29 -1 29 -1 29 -1 29 -1 29 -1 29 -1 29 -1 29 -1 29 -1 40 -1 40 -1 40 -1 40 -1 40 -1 40 -1 40 -1 40 -1 40 -1 40 -1 40 -1 40 -1 40 -1 40 -1 40 -1 29 -1 29 -1 29 -1 29 -1 29 -1 40 -1 40 -1 40 -1 40 -1 
29 -1 29 -1 29 -1 29 -1 29 -1 29 -1 29 -1 29 -1 29 -1 29 -1 29 -1 29 -1 29 -1 29 -1 29 -1 29 -1 29 -1 29 -1 29 -1 40 -1 40 -1 40 -1 40 -1 40 -1 40 -1 40 -1 40 -1 40 -1 40 -1 40 -1 40 -1 29 -1 29 -1 29 -1 29 -1 29 -1 40 -1 40 -1 40 -1 40 -1 40 -1 
29 -1 29 -1 40 -1 40 -1 40 -1 40 -1 40 -1 40 -1 40 -1 40 -1 40 -1 29 -1 29 -1 29 -1 29 -1 29 -1 29 -1 29 -1 29 -1 29 -1 40 -1 40 -1 40 -1 40 -1 40 -1 40 -1 40 -1 40 -1 40 -1 40 -1 29 -1 29 -1 29 -1 29 -1 40 -1 40 -1 40 -1 40 -1 40 -1 40 -1 40 -1 
29 -1 29 -1 40 -1 40 -1 40 -1 40 -1 40 -1 40 -1 40 -1 40 -1 40 -1 40 -1 29 -1 29 -1 29 -1 29 -1 40 -1 40 -1 29 -1 29 -1 29 -1 40 -1 40 -1 40 -1 40 -1 40 -1 40 -1 40 -1 40 -1 29 -1 29 -1 29 -1 29 -1 40 -1 40 -1 40 -1 40 -1 40 -1 40 -1 40 -1 40 -1 
29 -1 29 -1 40 -1 40 -1 40 -1 40 -1 40 -1 40 -1 40 -1 40 -1 40 -1 40 -1 40 -1 40 -1 40 -1 40 -1 40 -1 40 -1 40 -1 40 -1 29 -1 29 -1 29 -1 40 -1 40 -1 40 -1 40 -1 29 -1 29 -1 29 -1 29 -1 40 -1 40 -1 40 -1 40 -1 40 -1 40 -1 40 -1 40 -1 40 -1 40 -1 
40 -1 40 -1 40 -1 40 -1 40 -1 40 -1 40 -1 40 -1 40 -1 40 -1 40 -1 40 -1 40 -1 40 -1 40 -1 40 -1 40 -1 40 -1 40 -1 40 -1 40 -1 29 -1 29 -1 29 -1 40 -1 40 -1 40 -1 29 -1 29 -1 29 -1 40 -1 40 -1 40 -1 40 -1 40 -1 40 -1 40 -1 40 -1 40 -1 40 -1 40 -1 
40 -1 40 -1 40 -1 40 -1 40 -1 40 -1 40 -1 40 -1 40 -1 40 -1 40 -1 40 -1 40 -1 40 -1 40 -1 40 -1 40 -1 40 -1 40 -1 40 -1 40 -1 29 -1 29 -1 29 -1 29 -1 40 -1 29 -1 29 -1 29 -1 40 -1 40 -1 40 -1 40 -1 40 -1 40 -1 40 -1 40 -1 40 -1 40 -1 40 -1 40 -1 
40 -1 40 -1 40 -1 40 -1 40 -1 40 -1 40 -1 40 -1 40 -1 40 -1 40 -1 40 -1 40 -1 40 -1 40 -1 40 -1 40 -1 40 -1 40 -1 40 -1 40 -1 40 -1 29 -1 29 -1 29 -1 29 -1 29 -1 29 -1 40 -1 40 -1 40 -1 40 -1 40 -1 40 -1 40 -1 40 -1 40 -1 40 -1 40 -1 40 -1 40 -1 
40 -1 40 -1 40 -1 40 -1 40 -1 40 -1 40 -1 40 -1 40 -1 40 -1 40 -1 40 -1 40 -1 40 -1 40 -1 40 -1 40 -1 40 -1 40 -1 40 -1 40 -1 40 -1 40 -1 40 -1 29 -1 29 -1 29 -1 40 -1 40 -1 40 -1 40 -1 40 -1 40 -1 40 -1 40 -1 40 -1 40 -1 40 -1 40 -1 40 -1 40 -1 
40 -1 40 -1 40 -1 40 -1 40 -1 40 -1 40 -1 40 -1 40 -1 40 -1 40 -1 40 -1 40 -1 40 -1 40 -1 40 -1 40 -1 40 -1 40 -1 40 -1 40 -1 40 -1 40 -1 40 -1 40 -1 29 -1 29 -1 40 -1 40 -1 40 -1 40 -1 40 -1 40 -1 40 -1 40 -1 40 -1 40 -1 40 -1 40 -1 40 -1 40 -1 
40 -1 40 -1 40 -1 40 -1 40 -1 40 -1 40 -1 40 -1 40 -1 40 -1 40 -1 40 -1 40 -1 40 -1 40 -1 40 -1 40 -1 40 -1 40 -1 40 -1 40 -1 40 -1 40 -1 40 -1 40 -1 29 -1 29 -1 29 -1 40 -1 40 -1 40 -1 40 -1 40 -1 40 -1 40 -1 40 -1 40 -1 40 -1 40 -1 40 -1 40 -1 
40 -1 40 -1 40 -1 40 -1 40 -1 40 -1 40 -1 40 -1 40 -1 40 -1 40 -1 40 -1 40 -1 40 -1 40 -1 40 -1 40 -1 40 -1 40 -1 40 -1 40 -1 40 -1 40 -1 40 -1 40 -1 40 -1 29 -1 29 -1 40 -1 40 -1 40 -1 40 -1 40 -1 40 -1 40 -1 40 -1 40 -1 40 -1 40 -1 40 -1 40 -1 
40 -1 40 -1 40 -1 40 -1 40 -1 40 -1 40 -1 40 -1 40 -1 40 -1 40 -1 40 -1 40 -1 40 -1 40 -1 40 -1 40 -1 40 -1 40 -1 40 -1 40 -1 40 -1 40 -1 40 -1 40 -1 40 -1 29 -1 29 -1 40 -1 40 -1 40 -1 40 -1 40 -1 40 -1 40 -1 40 -1 40 -1 40 -1 40 -1 40 -1 40 -1 
40 -1 6 -1 6 -1 29 -1 29 -1 6 -1 6 -1 40 -1 40 -1 40 -1 40 -1 40 -1 40 -1 40 -1 40 -1 40 -1 40 -1 40 -1 40 -1 40 -1 40 -1 40 -1 40 -1 40 -1 40 -1 40 -1 29 -1 29 -1 40 -1 40 -1 40 -1 40 -1 40 -1 40 -1 40 -1 40 -1 40 -1 40 -1 40 -1 40 -1 40 -1 
29 -1 29 -1 29 -1 29 -1 29 -1 29 -1 6 -1 6 -1 40 -1 40 -1 40 -1 40 -1 40 -1 40 -1 40 -1 40 -1 40 -1 40 -1 40 -1 40 -1 40 -1 40 -1 40 -1 40 -1 40 -1 40 -1 29 -1 29 -1 29 -1 40 -1 40 -1 40 -1 40 -1 40 -1 40 -1 40 -1 40 -1 40 -1 40 -1 40 -1 40 -1 
29 -1 29 -1 29 -1 29 -1 29 -1 29 -1 29 -1 29 -1 40 -1 40 -1 40 -1 40 -1 40 -1 40 -1 40 -1 40 -1 40 -1 40 -1 40 -1 40 -1 40 -1 40 -1 40 -1 29 -1 29 -1 29 -1 29 -1 29 -1 29 -1 29 -1 29 -1 29 -1 29 -1 29 -1 29 -1 29 -1 29 -1 29 -1 29 -1 29 -1 29 -1 
29 -1 29 -1 29 -1 29 -1 29 -1 29 -1 29 -1 29 -1 29 -1 29 -1 40 -1 40 -1 40 -1 40 -1 40 -1 40 -1 40 -1 40 -1 40 -1 29 -1 29 -1 29 -1 29 -1 29 -1 29 -1 29 -1 29 -1 29 -1 29 -1 29 -1 29 -1 29 -1 29 -1 29 -1 29 -1 29 -1 29 -1 29 -1 29 -1 29 -1 29 -1 
29 -1 29 -1 29 -1 29 -1 29 -1 29 -1 29 -1 29 -1 29 -1 29 -1 29 -1 29 -1 29 -1 29 -1 29 -1 29 -1 29 -1 29 -1 29 -1 29 -1 29 -1 29 -1 29 -1 29 -1 40 -1 40 -1 29 -1 29 -1 29 -1 29 -1 29 -1 29 -1 29 -1 29 -1 29 -1 29 -1 29 -1 29 -1 29 -1 29 -1 29 -1 
40 -1 29 -1 29 -1 29 -1 29 -1 29 -1 29 -1 29 -1 29 -1 40 -1 40 -1 40 -1 40 -1 40 -1 40 -1 40 -1 29 -1 29 -1 29 -1 29 -1 40 -1 40 -1 40 -1 40 -1 40 -1 40 -1 29 -1 29 -1 29 -1 29 -1 29 -1 29 -1 29 -1 29 -1 29 -1 29 -1 29 -1 29 -1 29 -1 29 -1 29 -1 
40 -1 29 -1 29 -1 29 -1 29 -1 29 -1 29 -1 29 -1 29 -1 40 -1 40 -1 40 -1 40 -1 40 -1 40 -1 40 -1 29 -1 40 -1 40 -1 40 -1 40 -1 40 -1 40 -1 40 -1 40 -1 40 -1 29 -1 29 -1 29 -1 29 -1 29 -1 29 -1 29 -1 29 -1 29 -1 29 -1 29 -1 29 -1 29 -1 29 -1 29 -1 
40 -1 40 -1 6 -1 6 -1 6 -1 6 -1 6 -1 6 -1 6 -1 40 -1 40 -1 40 -1 40 -1 40 -1 40 -1 40 -1 40 -1 40 -1 40 -1 40 -1 40 -1 40 -1 40 -1 40 -1 40 -1 40 -1 29 -1 29 -1 29 -1 29 -1 29 -1 29 -1 29 -1 6 -1 6 -1 29 -1 29 -1 29 -1 29 -1 29 -1 29 -1 
40 -1 40 -1 40 -1 6 -1 6 -1 6 -1 6 -1 6 -1 40 -1 40 -1 40 -1 40 -1 40 -1 40 -1 40 -1 40 -1 40 -1 40 -1 40 -1 40 -1 40 -1 40 -1 40 -1 40 -1 40 -1 29 -1 29 -1 29 -1 29 -1 29 -1 29 -1 29 -1 29 -1 6 -1 6 -1 29 -1 29 -1 29 -1 29 -1 29 -1 29 -1 
40 -1 40 -1 40 -1 40 -1 40 -1 40 -1 40 -1 40 -1 40 -1 40 -1 40 -1 40 -1 40 -1 40 -1 40 -1 40 -1 40 -1 40 -1 40 -1 40 -1 40 -1 40 -1 40 -1 40 -1 40 -1 29 -1 29 -1 29 -1 29 -1 29 -1 29 -1 29 -1 29 -1 29 -1 29 -1 29 -1 29 -1 29 -1 29 -1 29 -1 29 -1 
40 -1 40 -1 40 -1 40 -1 40 -1 40 -1 40 -1 40 -1 40 -1 40 -1 40 -1 40 -1 40 -1 40 -1 40 -1 40 -1 40 -1 40 -1 40 -1 40 -1 40 -1 40 -1 40 -1 40 -1 29 -1 29 -1 29 -1 29 -1 6 -1 6 -1 29 -1 29 -1 29 -1 29 -1 29 -1 29 -1 29 -1 29 -1 29 -1 29 -1 29 -1 
40 -1 40 -1 40 -1 40 -1 40 -1 40 -1 40 -1 40 -1 40 -1 40 -1 40 -1 40 -1 40 -1 40 -1 40 -1 40 -1 40 -1 40 -1 40 -1 40 -1 40 -1 40 -1 40 -1 29 -1 29 -1 29 -1 29 -1 29 -1 6 -1 6 -1 29 -1 29 -1 29 -1 29 -1 29 -1 29 -1 29 -1 29 -1 29 -1 29 -1 29 -1 
40 -1 40 -1 40 -1 40 -1 40 -1 40 -1 40 -1 40 -1 40 -1 40 -1 40 -1 40 -1 40 -1 40 -1 40 -1 40 -1 40 -1 40 -1 40 -1 40 -1 40 -1 40 -1 40 -1 29 -1 29 -1 29 -1 29 -1 29 -1 29 -1 29 -1 29 -1 29 -1 29 -1 29 -1 29 -1 29 -1 29 -1 29 -1 29 -1 29 -1 29 -1 
