40 40 0 0
25 -1 25 -1 25 -1 25 -1 25 -1 25 -1 25 -1 25 -1 25 -1 25 -1 25 -1 25 -1 25 -1 25 -1 25 -1 25 -1 25 -1 25 -1 25 -1 25 -1 25 -1 25 -1 25 -1 25 -1 25 -1 25 -1 25 -1 25 -1 25 -1 25 -1 25 -1 25 -1 25 -1 25 -1 25 -1 25 -1 25 -1 25 -1 25 -1 25 -1 
25 -1 25 -1 25 -1 25 -1 25 -1 25 -1 25 -1 25 -1 25 -1 25 -1 25 -1 25 -1 25 -1 25 -1 25 -1 25 -1 25 -1 25 -1 25 -1 25 -1 25 -1 25 -1 25 -1 25 -1 25 -1 25 -1 25 -1 25 -1 25 -1 25 -1 25 -1 25 -1 25 -1 25 -1 25 -1 25 -1 25 -1 25 -1 25 -1 25 -1 
25 -1 25 -1 25 -1 25 -1 25 -1 25 -1 25 -1 25 -1 25 -1 25 -1 25 -1 25 -1 25 -1 25 -1 25 -1 25 -1 25 -1 25 -1 25 -1 25 -1 40 -1 40 -1 40 -1 25 -1 25 -1 25 20 25 -1 25 -1 25 -1 25 -1 25 -1 25 -1 25 -1 25 20 25 -1 25 -1 25 -1 25 -1 25 -1 25 -1 
25 -1 25 -1 25 -1 25 -1 25 -1 25 -1 25 -1 25 -1 40 -1 40 -1 40 -1 25 -1 25 -1 25 20 25 -1 25 -1 25 -1 40 -1 40 -1 40 -1 40 -1 40 -1 25 -1 25 -1 25 -1 25 -1 40 -1 40 -1 40 -1 25 -1 25 -1 25 -1 25 -1 25 -1 25 -1 25 -1 25 -1 25 -1 25 -1 25 -1 
25 -1 25 -1 25 -1 25 -1 25 -1 25 -1 25 -1 25 -1 40 -1 40 -1 40 -1 40 -1 25 -1 25 -1 25 -1 25 -1 25 -1 40 -1 40 -1 6 -1 6 -1 25 -1 25 -1 25 -1 25 -1 25 -1 40 -1 25 -1 25 -1 25 -1 25 -1 25 -1 25 -1 25 -1 25 -1 25 -1 25 -1 25 -1 25 -1 25 -1 
25 -1 6 -1 25 -1 25 20 25 -1 25 -1 25 -1 40 -1 40 -1 40 -1 40 -1 40 -1 40 -1 25 -1 25 -1 25 -1 25 -1 40 -1 40 -1 6 -1 25 -1 25 -1 25 -1 25 -1 25 -1 25 -1 25 -1 25 -1 25 -1 25 -1 25 -1 25 -1 25 -1 25 -1 25 -1 25 -1 25 -1 25 -1 25 -1 25 -1 
25 -1 6 -1 25 -1 25 -1 25 -1 25 -1 40 -1 40 -1 40 -1 40 -1 40 -1 40 -1 40 -1 25 -1 25 -1 25 -1 25 -1 25 -1 25 -1 25 -1 25 -1 25 -1 25 -1 25 -1 25 -1 25 -1 25 -1 25 -1 25 -1 25 -1 25 -1 25 -1 25 -1 6 -1 6 -1 6 -1 25 -1 25 -1 25 -1 25 -1 
25 -1 6 -1 25 -1 25 -1 25 -1 25 -1 40 -1 40 -1 40 -1 40 -1 40 -1 40 -1 40 -1 25 -1 25 -1 25 -1 25 -1 25 -1 25 -1 25 -1 25 -1 40 -1 40 -1 40 -1 25 -1 25 -1 25 -1 25 -1 25 -1 25 -1 25 -1 25 -1 25 -1 25 -1 6 -1 6 -1 6 -1 25 -1 25 -1 25 -1 
25 -1 6 -1 6 -1 25 -1 25 -1 25 -1 40 -1 40 -1 40 -1 40 -1 40 -1 25 -1 25 -1 25 -1 25 -1 25 20 25 -1 25 -1 25 -1 25 -1 25 -1 40 -1 25 -1 25 -1 25 -1 25 -1 25 -1 25 -1 25 20 25 -1 25 -1 25 -1 25 -1 25 -1 25 -1 25 -1 25 -1 25 -1 25 -1 25 -1 
25 -1 25 -1 6 -1 6 -1 25 -1 25 -1 25 -1 25 -1 40 -1 40 -1 40 -1 25 -1 25 -1 25 -1 25 -1 25 -1 25 -1 25 -1 25 -1 25 -1 25 -1 25 -1 25 -1 25 -1 25 -1 25 -1 25 -1 25 -1 25 -1 25 -1 25 -1 25 -1 25 -1 25 -1 25 -1 25 -1 25 -1 25 -1 25 -1 25 -1 
25 -1 25 -1 25 -1 6 -1 25 -1 25 -1 25 -1 25 -1 40 -1 40 -1 25 -1 25 -1 25 -1 25 -1 25 -1 25 -1 25 -1 25 -1 25 -1 25 -1 25 -1 25 -1 25 -1 25 -1 25 -1 25 -1 25 -1 25 -1 25 -1 25 -1 25 -1 25 -1 25 -1 25 -1 25 -1 25 -1 25 20 25 -1 25 -1 25 -1 
25 -1 25 -1 25 -1 25 -1 25 -1 25 -1 25 -1 25 -1 25 -1 25 -1 25 -1 25 -1 25 -1 25 -1 25 -1 40 -1 40 -1 40 -1 25 -1 25 -1 25 -1 25 -1 25 -1 25 -1 25 -1 25 -1 25 -1 25 -1 25 -1 25 -1 40 -1 40 -1 25 -1 25 -1 25 -1 25 -1 25 -1 25 -1 25 -1 25 -1 
25 -1 25 -1 25 -1 25 -1 25 -1 25 -1 25 -1 25 -1 25 -1 25 -1 25 -1 25 -1 25 -1 40 -1 40 -1 40 -1 6 -1 25 -1 25 -1 25 -1 25 -1 25 -1 25 -1 25 -1 25 -1 40 -1 25 -1 25 -1 25 -1 40 -1 40 -1 40 -1 25 -1 25 -1 25 -1 25 -1 25 -1 25 -1 25 -1 25 -1 
25 -1 25 -1 25 -1 40 -1 25 -1 25 -1 25 -1 25 -1 25 -1 25 -1 25 -1 25 -1 40 -1 40 -1 40 -1 6 -1 6 -1 25 -1 25 -1 25 -1 40 -1 40 -1 25 -1 25 -1 40 -1 40 -1 40 -1 25 -1 25 -1 40 -1 25 -1 25 -1 25 -1 25 -1 25 -1 25 -1 25 -1 25 -1 25 -1 25 -1 
25 -1 25 -1 25 -1 40 -1 40 -1 40 -1 25 -1 25 -1 25 -1 25 20 25 -1 25 -1 40 -1 40 -1 6 -1 6 -1 25 -1 25 -1 25 -1 40 -1 25 -1 40 -1 25 -1 25 -1 40 -1 40 -1 40 -1 25 -1 25 -1 40 -1 25 -1 25 -1 25 -1 25 -1 25 -1 25 -1 25 -1 25 -1 25 -1 25 -1 
25 -1 25 -1 40 -1 25 -1 25 -1 40 -1 25 -1 25 -1 25 -1 25 -1 25 -1 25 -1 40 -1 40 -1 25 -1 25 -1 25 -1 25 -1 40 -1 25 -1 25 -1 40 -1 25 -1 25 -1 40 -1 40 -1 40 -1 25 -1 25 -1 25 -1 25 -1 25 -1 25 -1 25 -1 25 -1 25 -1 40 -1 40 -1 25 -1 25 -1 
25 -1 25 -1 40 -1 25 -1 25 -1 25 -1 25 -1 25 -1 25 -1 25 -1 25 -1 25 -1 25 -1 40 -1 25 -1 25 -1 25 -1 25 -1 40 -1 25 -1 25 -1 25 -1 25 -1 25 -1 25 -1 40 -1 25 -1 25 -1 25 -1 25 -1 25 -1 25 -1 25 20 25 -1 25 -1 40 -1 25 -1 25 -1 40 -1 25 -1 
25 -1 25 -1 25 -1 25 -1 25 -1 25 -1 25 -1 25 -1 25 -1 25 -1 25 -1 25 -1 25 -1 40 -1 25 -1 25 -1 25 -1 25 -1 25 -1 25 -1 25 -1 25 -1 25 -1 25 -1 25 -1 40 -1 25 -1 25 -1 25 -1 25 -1 25 -1 25 -1 25 -1 25 -1 25 -1 40 -1 25 -1 25 -1 25 -1 25 -1 
25 -1 25 -1 25 -1 25 -1 25 -1 25 -1 25 -1 25 -1 25 -1 40 -1 25 -1 25 -1 25 -1 25 -1 25 -1 25 -1 25 -1 25 -1 25 -1 25 -1 25 -1 25 -1 25 -1 25 -1 25 -1 40 -1 25 -1 25 -1 25 -1 25 -1 25 -1 25 -1 25 -1 25 -1 25 -1 25 -1 25 -1 25 -1 25 -1 25 -1 
25 -1 25 -1 25 -1 25 -1 25 -1 25 -1 25 -1 25 -1 25 -1 40 -1 25 -1 25 -1 25 -1 25 -1 25 -1 25 -1 25 -1 25 -1 25 -1 25 20 25 -1 25 -1 25 -1 25 -1 25 -1 25 -1 25 -1 25 -1 25 -1 25 -1 25 -1 25 -1 25 -1 25 -1 25 -1 25 -1 25 -1 25 -1 25 -1 25 -1 
25 -1 25 -1 25 -1 25 -1 25 -1 25 -1 25 -1 25 -1 25 -1 40 -1 40 -1 25 -1 25 -1 25 -1 25 -1 25 -1 25 -1 25 -1 25 -1 25 -1 25 -1 25 -1 25 -1 25 -1 25 -1 25 -1 25 -1 25 -1 25 -1 25 -1 40 -1 25 -1 25 -1 25 -1 25 -1 25 -1 25 -1 25 -1 25 -1 25 -1 
25 -1 25 -1 25 -1 25 -1 25 -1 25 -1 6 -1 6 -1 25 -1 25 -1 25 -1 25 -1 25 -1 25 -1 40 -1 40 -1 25 -1 25 -1 25 -1 25 -1 25 -1 25 -1 40 -1 25 -1 25 -1 25 -1 25 -1 25 -1 25 -1 40 -1 40 -1 40 -1 40 -1 25 -1 25 -1 25 -1 25 -1 25 -1 25 -1 25 -1 
25 -1 25 -1 25 -1 25 -1 25 -1 25 -1 6 -1 6 -1 25 -1 25 -1 25 -1 25 -1 25 -1 25 -1 25 -1 40 -1 40 -1 25 -1 25 -1 25 -1 40 -1 40 -1 40 -1 25 -1 25 -1 25 20 25 -1 25 -1 25 -1 25 -1 40 -1 25 -1 25 -1 25 -1 25 -1 25 -1 25 -1 25 -1 25 -1 25 -1 
25 -1 25 20 25 -1 25 -1 25 -1 25 -1 25 -1 6 -1 6 -1 25 -1 25 -1 25 -1 25 -1 25 -1 25 -1 25 -1 40 -1 25 -1 25 -1 25 -1 25 -1 25 -1 25 -1 25 -1 25 -1 25 -1 25 -1 25 -1 25 -1 25 -1 25 -1 25 -1 25 -1 25 -1 25 -1 6 -1 6 -1 6 -1 25 -1 25 -1 
25 -1 25 -1 25 -1 25 -1 25 -1 25 -1 25 -1 25 -1 25 -1 25 -1 25 -1 25 -1 25 -1 25 -1 25 -1 40 -1 40 -1 25 -1 25 -1 25 -1 25 -1 25 -1 25 -1 25 -1 25 -1 40 -1 25 -1 25 -1 25 -1 25 -1 25 -1 25 -1 25 -1 25 -1 25 -1 25 -1 25 -1 25 -1 25 -1 25 -1 
25 -1 25 -1 25 -1 40 -1 40 -1 40 -1 40 -1 25 -1 25 -1 25 -1 25 -1 25 -1 25 -1 25 -1 40 -1 40 -1 25 -1 25 -1 25 -1 25 -1 25 -1 25 -1 25 -1 25 -1 40 -1 40 -1 25 -1 25 -1 25 20 25 -1 25 -1 25 -1 25 -1 25 -1 25 20 25 -1 25 -1 25 -1 25 -1 25 -1 
25 -1 25 -1 25 -1 25 -1 25 -1 25 -1 40 -1 40 -1 40 -1 25 -1 25 -1 25 -1 25 20 25 -1 25 -1 25 -1 25 -1 25 -1 6 -1 25 -1 25 -1 25 -1 40 -1 40 -1 40 -1 25 -1 25 -1 25 -1 25 -1 25 -1 25 -1 25 -1 25 -1 25 -1 25 -1 25 -1 25 -1 25 -1 25 -1 25 -1 
25 -1 25 -1 25 -1 25 -1 25 -1 25 -1 25 -1 25 -1 25 -1 25 -1 25 -1 25 -1 25 -1 25 -1 25 -1 25 -1 25 -1 25 -1 6 -1 25 -1 25 -1 25 -1 40 -1 40 -1 25 -1 25 -1 25 -1 25 -1 25 -1 25 -1 40 -1 25 -1 25 -1 25 -1 25 -1 25 -1 25 -1 25 -1 25 -1 25 -1 
25 -1 25 -1 25 -1 25 -1 25 -1 25 -1 25 -1 25 -1 25 -1 25 -1 25 -1 25 -1 25 -1 25 -1 40 -1 40 -1 25 -1 25 -1 6 -1 25 -1 25 -1 40 -1 40 -1 40 -1 40 -1 25 -1 25 -1 25 -1 40 -1 40 -1 40 -1 40 -1 25 -1 25 -1 25 -1 25 -1 25 20 25 -1 25 -1 25 -1 
25 -1 25 -1 25 -1 25 -1 25 -1 25 -1 25 -1 25 -1 25 -1 25 -1 25 -1 25 -1 25 -1 25 -1 25 -1 25 -1 25 -1 25 -1 6 -1 25 -1 25 -1 40 -1 25 -1 25 -1 25 -1 25 -1 25 -1 25 -1 40 -1 25 -1 40 -1 25 -1 25 -1 25 -1 25 -1 25 -1 25 -1 25 -1 25 -1 25 -1 
25 -1 25 -1 25 -1 25 -1 25 -1 25 -1 25 -1 25 -1 25 -1 25 -1 25 -1 25 -1 25 -1 25 -1 25 -1 25 -1 25 -1 25 -1 25 -1 25 -1 25 -1 25 -1 25 -1 25 -1 25 -1 25 -1 25 -1 25 -1 25 -1 25 -1 25 -1 25 -1 25 -1 25 -1 25 -1 25 -1 25 -1 25 -1 25 -1 25 -1 
25 -1 25 -1 25 -1 25 -1 25 -1 25 -1 25 -1 25 -1 25 -1 25 -1 25 -1 25 -1 25 -1 25 -1 25 -1 25 -1 25 -1 25 -1 25 -1 25 -1 25 -1 25 -1 25 -1 25 -1 25 -1 25 -1 25 -1 25 -1 25 -1 25 -1 25 -1 25 -1 25 -1 25 -1 25 -1 25 -1 25 -1 25 -1 25 -1 25 -1 
25 -1 25 -1 25 -1 25 -1 25 -1 25 -1 25 -1 25 -1 25 -1 25 -1 25 -1 25 -1 25 -1 25 -1 25 -1 25 -1 25 -1 25 -1 25 -1 25 -1 25 -1 25 -1 25 -1 25 -1 25 -1 25 -1 25 -1 25 -1 25 -1 25 -1 25 -1 25 -1 25 -1 25 -1 25 -1 25 -1 25 -1 25 -1 25 -1 25 -1 
25 -1 25 -1 25 -1 25 -1 25 -1 25 -1 25 -1 25 -1 25 -1 25 -1 25 -1 25 -1 25 -1 25 -1 25 -1 25 -1 25 -1 25 -1 25 -1 25 -1 25 -1 25 -1 25 -1 25 -1 25 -1 25 -1 25 -1 25 -1 25 -1 25 -1 25 -1 25 -1 25 -1 25 -1 25 -1 25 -1 25 -1 25 -1 25 -1 25 -1 
25 -1 25 -1 25 -1 25 -1 25 -1 25 -1 25 -1 25 -1 25 -1 25 -1 25 -1 25 -1 25 -1 25 -1 25 -1 25 -1 25 -1 25 -1 25 -1 25 -1 25 -1 25 -1 25 -1 25 -1 25 -1 25 -1 25 -1 25 -1 25 -1 25 -1 25 -1 25 -1 25 -1 25 -1 25 -1 25 -1 25 -1 25 -1 25 -1 25 -1 
25 -1 25 -1 25 -1 25 -1 25 -1 25 -1 25 -1 25 -1 25 -1 25 -1 25 -1 25 -1 25 -1 25 -1 25 -1 25 -1 25 -1 25 -1 25 -1 25 -1 25 -1 25 -1 25 -1 25 -1 25 -1 25 -1 25 -1 25 -1 25 -1 25 -1 25 -1 25 -1 25 -1 25 -1 25 -1 25 -1 25 -1 25 -1 25 -1 25 -1 
25 -1 25 -1 25 -1 25 -1 25 -1 25 -1 25 -1 25 -1 25 -1 25 -1 25 -1 25 -1 25 -1 25 -1 25 -1 25 -1 25 -1 25 -1 25 -1 25 -1 25 -1 25 -1 25 -1 25 -1 25 -1 25 -1 25 -1 25 -1 25 -1 25 -1 25 -1 25 -1 25 -1 25 -1 25 -1 25 -1 25 -1 25 -1 25 -1 25 -1 
25 -1 25 -1 25 -1 25 -1 25 -1 25 -1 25 -1 25 -1 25 -1 25 -1 25 -1 25 -1 25 -1 25 -1 25 -1 25 -1 25 -1 25 -1 25 -1 25 -1 25 -1 25 -1 25 -1 25 -1 25 -1 25 -1 25 -1 25 -1 25 -1 25 -1 25 -1 25 -1 25 -1 25 -1 25 -1 25 -1 25 -1 25 -1 25 -1 25 -1 
25 -1 25 -1 25 -1 25 -1 25 -1 25 -1 25 -1 25 -1 25 -1 25 -1 25 -1 25 -1 25 -1 25 -1 25 -1 25 -1 25 -1 25 -1 25 -1 25 -1 25 -1 25 -1 25 -1 25 -1 25 -1 25 -1 25 -1 25 -1 25 -1 25 -1 25 -1 25 -1 25 -1 25 -1 25 -1 25 -1 25 -1 25 -1 25 -1 25 -1 
25 -1 25 -1 25 -1 25 -1 25 -1 25 -1 25 -1 25 -1 25 -1 25 -1 25 -1 25 -1 25 -1 25 -1 25 -1 25 -1 25 -1 25 -1 25 -1 25 -1 25 -1 25 -1 25 -1 25 -1 25 -1 25 -1 25 -1 25 -1 25 -1 25 -1 25 -1 25 -1 25 -1 25 -1 25 -1 25 -1 25 -1 25 -1 25 -1 25 -1 
